0000
0000
0000
0000
0000
0000
0000
0000
0000
0000
0000
0000
0000
0000
0000
0000
0000
0000
0000
0000
0000
0000
0000
0000
0000
0000
0000
0000
0000
0000
0000
0000
0000
0000
0000
0000
0000
0000
0000
0000
0000
0000
0000
0000
0000
0000
0000
0000
0000
0000
0000
0000
0000
0000
0000
0000
0000
0000
0000
0000
0000
0000
0000
0000
0000
0000
0000
0000
0000
0000
0000
0000
0000
0000
0000
0000
0000
0000
0000
0000
0000
0000
0000
0000
0000
0000
0000
0000
0000
0000
0000
0000
0000
0000
0000
0000
0000
0000
0000
0000
0000
0000
0000
0000
0000
0000
0000
0000
0000
0000
0000
0000
0000
0000
0000
0000
0000
0000
0000
0000
0000
0000
0000
0000
0000
0000
0000
7e98
7f90
7fbe
7f90
7e90
0000
0000
0000
0000
0000
0000
0000
0000
0000
0000
0000
0000
0000
0000
0000
0000
0000
0000
0000
0000
0000
0000
7e80
7fb7
7fbe
7fbe
7fbe
7fb6
0000
0000
0000
0000
0000
0000
0000
0000
0000
0000
0000
0000
0000
0000
0000
0000
0000
0000
0000
0000
0000
7eb0
7fb2
7fbe
7fbe
7fb8
7fb4
7fbe
7ec8
7400
0000
0000
0000
0000
0000
0000
0000
0000
0000
0000
0000
0000
0000
0000
0000
0000
0000
7900
7ee0
7fb0
7fbe
7fbe
7fbe
7fa5
7f28
7fbe
7fbe
7f74
0000
0000
0000
0000
0000
0000
0000
0000
0000
0000
0000
0000
0000
0000
0000
0000
0000
7f92
7fbe
7fbe
7fbe
7fbe
7fbe
7fbe
7f40
7f9e
7fbe
7f94
0000
0000
0000
0000
0000
0000
0000
0000
0000
0000
0000
0000
0000
0000
0000
0000
7e98
7fb7
7fbe
7fbe
7f9f
7f64
7fbe
7fb2
7e78
7f1e
7fc0
7f94
0000
0000
0000
0000
0000
0000
0000
0000
0000
0000
0000
0000
0000
0000
0000
7e80
7fb7
7fbe
7fbe
7f9a
7a00
7f16
7f72
7ca0
0000
0000
7fbe
7fba
7e90
0000
0000
0000
0000
0000
0000
0000
0000
0000
0000
0000
0000
0000
7e30
7f92
7fbe
7fb4
7fa8
7f28
0000
0000
0000
0000
0000
0000
7fbe
7fbe
7f92
0000
0000
0000
0000
0000
0000
0000
0000
0000
0000
0000
0000
7600
7f99
7fbe
7fb8
7f0e
7c60
7d80
0000
0000
0000
0000
0000
0000
7fbe
7fbe
7fa2
0000
0000
0000
0000
0000
0000
0000
0000
0000
0000
0000
0000
7ec8
7fbe
7fbe
7ef8
0000
0000
0000
0000
0000
0000
0000
0000
0000
7fbe
7fbe
7fa2
0000
0000
0000
0000
0000
0000
0000
0000
0000
0000
0000
0000
7fa3
7fbe
7f9f
0000
0000
0000
0000
0000
0000
0000
0000
0000
0000
7fc0
7fbe
7fa2
0000
0000
0000
0000
0000
0000
0000
0000
0000
0000
0000
7f18
7fbb
7fbe
7f60
0000
0000
0000
0000
0000
0000
0000
0000
0000
0000
7fbe
7fbe
7f8a
0000
0000
0000
0000
0000
0000
0000
0000
0000
0000
0000
7f2a
7fbe
7fb3
7d20
0000
0000
0000
0000
0000
0000
0000
0000
7600
7f84
7fbe
7f9d
7a00
0000
0000
0000
0000
0000
0000
0000
0000
0000
0000
0000
7f2a
7fbe
7fb0
0000
0000
0000
0000
0000
0000
0000
0000
7600
7f82
7fbe
7fb0
7f0e
0000
0000
0000
0000
0000
0000
0000
0000
0000
0000
0000
0000
7f2a
7fbe
7f88
0000
0000
0000
0000
0000
0000
0000
7e80
7f92
7fbe
7f96
0000
0000
0000
0000
0000
0000
0000
0000
0000
0000
0000
0000
0000
0000
7f2c
7fbe
7fb0
0000
0000
0000
0000
0000
0000
7f64
7fb7
7fbe
7f91
0000
0000
0000
0000
0000
0000
0000
0000
0000
0000
0000
0000
0000
0000
0000
7f2a
7fbe
7fbc
7f89
7e80
7da0
7f2a
7f99
7fb0
7fbe
7fb0
7f94
7ec0
0000
0000
0000
0000
0000
0000
0000
0000
0000
0000
0000
0000
0000
0000
0000
7f2a
7fbe
7fbe
7fbe
7fb2
7fac
7fbe
7fbe
7fbe
7fa2
7f81
0000
0000
0000
0000
0000
0000
0000
0000
0000
0000
0000
0000
0000
0000
0000
0000
0000
7d80
7fa4
7fbe
7fbe
7fbe
7fbe
7fbe
7fb4
7f88
0000
0000
0000
0000
0000
0000
0000
0000
0000
0000
0000
0000
0000
0000
0000
0000
0000
0000
0000
0000
7d20
7f80
7fbe
7fbe
7fbe
7f86
7e28
0000
0000
0000
0000
0000
0000
0000
0000
0000
0000
0000
0000
0000
0000
0000
0000
0000
0000
0000
0000
0000
0000
0000
0000
0000
0000
0000
0000
0000
0000
0000
0000
0000
0000
0000
0000
0000
0000
0000
0000
0000
0000
0000
0000
0000
0000
0000
0000
0000
0000
0000
0000
0000
0000
0000
0000
0000
0000
0000
0000
0000
0000
0000
0000
0000
0000
0000
0000
0000
0000
0000
0000
0000
0000
0000
0000
0000
0000
0000
0000
0000
0000
0000
0000
0000
0000
0000
0000
0000
0000
0000
0000
0000
0000
0000
0000
0000
0000
0000
0000
0000
0000
0000
0000
0000
0000
0000
0000
0000
0000
0000
0000
0000
0000
0000
0000
0000
0000
0000
0000
0000
0000
0000
0000
0000
0000
0000
0000
0000
0000
0000
0000
0000
0000
0000
0000
0000
0000
0000
0000
0000
0000
0000
0000
0000
0000
0000
0000
0000
0000
0000
0000
0000
0000
0000
0000
0000
0000
0000
0000
0000
0000
0000
0000
0000
0000
0000
0000
0000
0000
0000
0000
0000
0000
0000
0000
0000
0000
0000
0000
0000
0000
0000
0000
0000
0000
0000
0000
0000
0000
0000
0000
0000
0000
0000
0000
0000
0000
0000
0000
0000
0000
0000
0000
0000
0000
0000
0000
0000
0000
0000
0000
0000
0000
0000
0000
0000
0000
0000
0000
0000
0000
0000
0000
0000
0000
0000
0000
0000
0000
0000
0000
0000
0000
0000
0000
0000
0000
0000
0000
0000
0000
0000
0000
0000
0000
0000
0000
0000
0000
0000
0000
0000
7e98
7f90
7fbe
7f90
7e90
0000
0000
0000
0000
0000
0000
0000
0000
0000
0000
0000
0000
0000
0000
0000
0000
0000
0000
0000
0000
0000
0000
7e80
7fb7
7fbe
7fbe
7fbe
7fb6
0000
0000
0000
0000
0000
0000
0000
0000
0000
0000
0000
0000
0000
0000
0000
0000
0000
0000
0000
0000
0000
7eb0
7fb2
7fbe
7fbe
7fb8
7fb4
7fbe
7ec8
7400
0000
0000
0000
0000
0000
0000
0000
0000
0000
0000
0000
0000
0000
0000
0000
0000
0000
7900
7ee0
7fb0
7fbe
7fbe
7fbe
7fa5
7f28
7fbe
7fbe
7f74
0000
0000
0000
0000
0000
0000
0000
0000
0000
0000
0000
0000
0000
0000
0000
0000
0000
7f92
7fbe
7fbe
7fbe
7fbe
7fbe
7fbe
7f40
7f9e
7fbe
7f94
0000
0000
0000
0000
0000
0000
0000
0000
0000
0000
0000
0000
0000
0000
0000
0000
7e98
7fb7
7fbe
7fbe
7f9f
7f64
7fbe
7fb2
7e78
7f1e
7fc0
7f94
0000
0000
0000
0000
0000
0000
0000
0000
0000
0000
0000
0000
0000
0000
0000
7e80
7fb7
7fbe
7fbe
7f9a
7a00
7f16
7f72
7ca0
0000
0000
7fbe
7fba
7e90
0000
0000
0000
0000
0000
0000
0000
0000
0000
0000
0000
0000
0000
7e30
7f92
7fbe
7fb4
7fa8
7f28
0000
0000
0000
0000
0000
0000
7fbe
7fbe
7f92
0000
0000
0000
0000
0000
0000
0000
0000
0000
0000
0000
0000
7600
7f99
7fbe
7fb8
7f0e
7c60
7d80
0000
0000
0000
0000
0000
0000
7fbe
7fbe
7fa2
0000
0000
0000
0000
0000
0000
0000
0000
0000
0000
0000
0000
7ec8
7fbe
7fbe
7ef8
0000
0000
0000
0000
0000
0000
0000
0000
0000
7fbe
7fbe
7fa2
0000
0000
0000
0000
0000
0000
0000
0000
0000
0000
0000
0000
7fa3
7fbe
7f9f
0000
0000
0000
0000
0000
0000
0000
0000
0000
0000
7fc0
7fbe
7fa2
0000
0000
0000
0000
0000
0000
0000
0000
0000
0000
0000
7f18
7fbb
7fbe
7f60
0000
0000
0000
0000
0000
0000
0000
0000
0000
0000
7fbe
7fbe
7f8a
0000
0000
0000
0000
0000
0000
0000
0000
0000
0000
0000
7f2a
7fbe
7fb3
7d20
0000
0000
0000
0000
0000
0000
0000
0000
7600
7f84
7fbe
7f9d
7a00
0000
0000
0000
0000
0000
0000
0000
0000
0000
0000
0000
7f2a
7fbe
7fb0
0000
0000
0000
0000
0000
0000
0000
0000
7600
7f82
7fbe
7fb0
7f0e
0000
0000
0000
0000
0000
0000
0000
0000
0000
0000
0000
0000
7f2a
7fbe
7f88
0000
0000
0000
0000
0000
0000
0000
7e80
7f92
7fbe
7f96
0000
0000
0000
0000
0000
0000
0000
0000
0000
0000
0000
0000
0000
0000
7f2c
7fbe
7fb0
0000
0000
0000
0000
0000
0000
7f64
7fb7
7fbe
7f91
0000
0000
0000
0000
0000
0000
0000
0000
0000
0000
0000
0000
0000
0000
0000
7f2a
7fbe
7fbc
7f89
7e80
7da0
7f2a
7f99
7fb0
7fbe
7fb0
7f94
7ec0
0000
0000
0000
0000
0000
0000
0000
0000
0000
0000
0000
0000
0000
0000
0000
7f2a
7fbe
7fbe
7fbe
7fb2
7fac
7fbe
7fbe
7fbe
7fa2
7f81
0000
0000
0000
0000
0000
0000
0000
0000
0000
0000
0000
0000
0000
0000
0000
0000
0000
7d80
7fa4
7fbe
7fbe
7fbe
7fbe
7fbe
7fb4
7f88
0000
0000
0000
0000
0000
0000
0000
0000
0000
0000
0000
0000
0000
0000
0000
0000
0000
0000
0000
0000
7d20
7f80
7fbe
7fbe
7fbe
7f86
7e28
0000
0000
0000
0000
0000
0000
0000
0000
0000
0000
0000
0000
0000
0000
0000
0000
0000
0000
0000
0000
0000
0000
0000
0000
0000
0000
0000
0000
0000
0000
0000
0000
0000
0000
0000
0000
0000
0000
0000
0000
0000
0000
0000
0000
0000
0000
0000
0000
0000
0000
0000
0000
0000
0000
0000
0000
0000
0000
0000
0000
0000
0000
0000
0000
0000
0000
0000
0000
0000
0000
0000
0000
0000
0000
0000
0000
0000
0000
0000
0000
0000
0000
0000
0000
0000
0000
0000
0000
0000
0000
0000
0000
0000
0000
0000
0000
0000
0000
0000
0000
0000
0000
0000
0000
0000
0000
0000
0000
0000
0000
0000
0000
0000
0000
0000
0000
0000
0000
0000
0000
0000
0000
0000
0000
0000
0000
