0011000011100000
1100101111100101
0011000101111100
1101110111100101
0010001011001101
1101110010010010
0011010001010011
1101100110011001
0011010111011100
1100110111100110
0001111111000011
1101001001110110
0001010110111111
1101110001011101
0000110011010000
1111011000100101
0001001000100101
1100101011110111
0001001101011101
1101011111011111
0001011110111001
1110001101110011
0010111011010000
1100111110001010
0001110010010010
1110110011000011
0001011000110110
1101000010100110
0010011010011001
1101011000010010
0010010001101000
1110010001110100
0010010101010111
1110010111000001
0010111100001110
1100110011100100
0011000000100000
1101100011110111
0010010001101010
1101011110001101
0010010111110001
1101001011100000
0001111100111111
1101101011101000
0001101001111110
1110000101010101
0010100110010010
1110001010001000
0001111100001011
1101001101010010
0011001111101001
1101101101000111
0011010101101010
1101011111001010
0001100101010100
1110010101100111
0010110111010100
1101111110010001
0011010011111001
1110100011000000
0011010100101111
1101111011111000
0010010011011110
1110000111100110
0011000110111111
0001011000001111
0010111000000111
0001000010111110
0011011001110101
1101111101101100
0011100101001011
0001101011011001
0011000001101001
0000100000001000
0011000111011011
1101101100000101
0011000010001010
0000010100000101
0011011101110100
1100110010000100
0011000101100001
1100110101101100
0010000011110011
1100111110010011
0010000010010011
1101010110111010
0011010110111001
1111011000101111
0011010101111001
1100110000011100
0010000000000011
1101010000000110
0010100110100011
1110101100011100
0011000010010011
1110000100111010
0011111000010001
1110110001010001
0011000111000001
0001001010111001
0011001011011101
0001111010100101
0011001010011010
1110001000100001
0011000010010101
1101001010000000
0010100111111011
0000110111001100
0001000111000101
1101110000111100
0011010100000011
1100110011101111
0001110010111101
1110001001010000
0010101000101110
1101001010110111
0011010001100001
1101100111110010
0011010001110110
1101011000110100
0011000110000111
1101111111000110
0011100101001101
1101111010000110
0010100001011011
0000101101000101
0011010111101100
1111100101001111
0011001101111101
1101011001011010
0011011001110110
0010011101101010
0010001011010110
0001011100110011
0011000101100110
1101101100011100
0000100100010010
1101111011110000
0010011100100001
1110111011001000
0011001000000101
1101110001010011
0011010101100010
1111000000100000
0011000101001011
1101100010100101
0011010011100111
1101111111110111
0001111011100100
0000011111001000
0011100000110110
0001101010010011
0011001001000100
0010010011111000
0011011001011010
1110101110100010
0010101101001011
1101011100001001
0001010001000101
1100111011100001
0011011011010110
1101100101000101
1111010001001110
1100100000010011
0010111000010101
1100100111001010
0010010011011011
1100110101000001
0001110001000011
1100101000010001
0011010100011110
1111000111011110
0010001101011101
1100101111001001
0001101010111010
1111010000011010
0010100110101111
1101011100110101
0011010100000001
1110010000110110
0001101011110011
1110011011011000
0000111110011110
1100111110011011
1110111111100001
1100111101000111
1111001111101000
1100111001010100
0000111100101010
1100110110011110
0001101111110100
1101000100110101
0001110010011110
1100111001110100
0001111000001101
1110011110000010
0011000100101011
1100111101100010
0000011111101110
1111000101110011
0010111100110000
1100100111010110
0001011111111100
1110011110010100
0011000001111110
1101100101101000
1111001111000010
1100111011100010
1101111010000111
1101010000101111
0000101001100000
1100010101000010
1101101000010110
1011111011100011
1101010111110001
1100100100100000
1101011001011001
1100010011101111
0001010110100110
1100110001011001
0001111000111011
1110001000111011
0011011011001010
1100111010010001
0001111010101010
1110010111011100
0011010100110101
1110100111101010
0011001011101100
1111010011000110
0001011011111000
1101000010110100
1110011111010110
1100111001000100
0001011101000000
1100000010010110
1101111000101110
1100111010110100
1101001101011111
1100000011010101
1100111000101001
1011111001011000
1101100110110111
1100100011000111
1111001101011010
1100011000001100
1111001111110000
1110000100000101
0001110101011110
0001010100101001
0011001101000101
1101001000000001
0010101101011110
1100111010010000
0010000100011011
1100100111101011
0011010100000011
1101100011010000
1111001110110111
1100011110111101
0000111100100001
1100100010110110
1110010100101010
1100000001010100
1100111111101110
1100101011111100
1111001001111001
1110010110100000
1110111111110110
1100010101101110
1110111011011000
1011111100010100
1110000111101000
1101010000001100
1110001100011010
1101110110000000
0010111111111110
1110000011010010
0010110100111000
1100110000100101
0011001000000110
1101111010001110
0010101010100010
1101110010100011
0000111111011100
1110100100010001
0000110010110100
1101100111101000
1110101101101000
1100100000001011
1101001010100001
1011101111001000
0001100100011011
1101110101101101
0011000000100001
0000001101111011
1101111010010001
1100001101010110
1101101101100011
1100010000011000
1110011000000000
1100011100011100
1111001111100100
1100100010100100
0011010111010001
1110011100100001
0001110010010010
1101001110101111
0001011000000000
1100110101000110
0010100110110000
1100110110100011
0001001110100000
1110010011101011
0000101011000100
1100111010000101
1110001100110010
1100110100000101
0000011100010000
1100110000000110
0010001001100101
0001010111000111
0011111101101001
1111000000111100
0000101011001000
1101110111010001
0001010100011110
1100101001001101
0000001110011000
1100001010011111
1101010000010111
1101011001110111
0011000011101110
1110010110000111
0000110000110010
1100110001100111
0011001101100110
1110010000011101
0010011111010001
0000110101101010
0000101001101011
1100001000011011
0010111011000011
1101101110000010
0001110011110101
1110010010000001
0010100001001110
1110011010100001
0010110001100001
0010111101100111
0100010100001000
0010100101011110
0001011011010111
1110010001001110
1111000000100010
1110001101101110
0001010111101011
1100010010101111
0010011100100001
1101100010100001
0011001001000111
1111100110101011
0001111011000000
1100111110001001
0010010011101111
1110000000011111
0010101011110000
1110001111111111
0010100100110011
1101101100110101
0001000111000010
1101011011100111
0001101110111100
1110111000100101
0000110100111101
0001001001000011
0011001100110001
0001010110101100
0011110111111100
1111001110000111
0010100001111111
0001100001001101
0001100111111001
1110111001110011
0010100110001110
1110100011011100
0001110001000111
1100100100111100
0001100010101110
1101000110011011
0000110000100011
1100101100000101
0011001000110111
1101111010100101
0010110110111001
1110011010101000
0010101100001100
1101010100111110
0001111010100001
1101110001100000
0001110010011000
1101000000110110
1110101110010000
1100110100011011
0001010010010111
0001100111100110
0011100000010011
0001101011110001
0010010010000001
1100110100111101
0010000010110000
1110100111001000
0001010001100100
1100111001011011
0010111100110111
1101001110000001
0001010100101111
1101001001001001
0010000111100100
1110110000100001
0010010101101010
1101101101110011
0001000011000111
1110010101100011
0010111101110110
1100100111001011
0001100001110011
1100001110011111
0001101110011110
1100111100101000
1101010010011111
1100110000010111
1110110000001110
1110100001011111
0011000100011110
1110011100110100
0010110111001011
1101011011100111
1110100000010000
1110011101000100
0011011010000000
1111001111001000
0011010011110011
1100101101110010
0010000111001011
1100110100011111
0010011001010111
1110001011010010
0010111100100011
1100101101100110
0010010011110000
1111001000100101
0001110011000111
1100111000001011
0000111000111110
1100100111000110
1100101111101110
1100110100010111
0000101110111010
1100100100100001
1110101001100001
0000001110011100
0010010001010100
1101101111000110
1110111010110010
1100101010001010
0010001001011100
1101111101100011
0001101001000100
1111000110010011
0010111100111111
0000110001111010
0010111001001000
1101101100101110
1111011101001010
1100110101001100
0010100010011011
1101100010100111
0001100001011110
1110101110010000
0010110000101110
1101011011111111
0001100000101000
1100011100000000
1101011011111101
1100000011001111
1101111100100100
1101101001111000
0010011111001110
0000110110101101
0010010000110100
1110000011010000
1110010111010101
1101101011100011
0010100000011010
1110011110111100
0011011101010101
0001000100000011
0011010111001001
1101100110111000
0011000000100100
1101000000001111
0010010111110101
1110001000111111
0001100111100001
1101011001010001
0001100001110100
1101011010000010
0010011011111011
1110101001000101
0000100010000011
1110001100100001
0010011110100101
1110010100000110
0010110000100101
0000110011101010
0011000010101111
1111011011000001
0011000000011111
1110011110001001
0010110010111011
0001110000000100
0010111011100000
0000111011011101
0011010101100110
1110001001110101
0001110000010011
1111001111111010
0001110110001111
1110001101111011
0011001010100100
1100101100011101
0011000011011101
1101101100100111
0001101101001101
1100111011000100
0010010001000000
1110100000101110
0011010101011101
0010011010101000
0011101011011111
0001101000010100
0100000010101011
0011001001110111
0011010011001111
0010110001100000
0001111010000101
1110110000001010
0011001011000100
1110010010110100
0011100111100011
0001110110010011
0010111111011100
0010010101001011
0011010101001101
1101001010001111
0011100011100111
1100110100110010
0001110001000111
1110010111011100
0011010110101101
1110011001001011
0001100011011111
1101101011110110
0011011110011000
1110110011011101
0011010111111001
0000110000011011
0011011101100010
0010011011001001
0100010111100001
0011011000010001
0011010000110001
0001110000010000
0011010000000101
0001001001000000
0010111010000010
1111010001101000
0011111000101110
0001010111101000
0011000100010110
1101111101011100
0010010001101100
1110000011001110
0011000011000001
1100100110011100
0010010110010101
1100111110000111
0011000101010101
1100110111100001
0011011100110000
1101100011110101
0001110001100100
1111101010101110
0010101010100010
1111000011000101
0011001010000001
0010001111000111
0011001111000110
1111010101000101
0011010001000011
0010001010100011
0010100011100110
1101111101010111
0011001011000100
0001111101101110
0011000011100111
1111010011110010
0011011110110101
1111011011111011
0010111010001000
1100110000011101
0010111101101000
1110110111001101
0010011100001110
1101101011100000
0000010011011011
1100101000001100
0001101011001011
1101010000000110
0011011101000111
1110111111100011
0010100101000010
1100111100111100
0010001111110010
1101000001111101
0001111111011011
1101101100100111
1110111111010001
1100111111010010
0010011111101011
1101011011001111
0010110100101111
1110110110100100
0010110001001111
1110010111100100
0011001011000000
1100101101010001
0011000101011000
1101010100110101
0010111111101000
1101011001100111
0010101000000101
1101011110110100
0010101110001000
1111001010111100
0000011111111010
1101100010010001
0001101101100101
1111000100010101
0010001011100000
1100011101110111
0001101001110011
1100011010001101
0001000001011011
1100100010101000
0000110000011111
1100111101010111
1110110010101111
1110110101011010
0000100100000001
1100111101001111
0010110110011011
1101010110101000
0001100111110110
1101101011011011
0010101110001100
1101101000100101
1111001111110000
1101101010001000
0011010100001111
1100110010011100
0000100000101110
1101101010000111
0010001001001001
1101010000101010
0010100011111001
1110001001111100
0010001001111001
1101000011010100
0010101110010011
1101100000110010
0010000011010110
1110000010011010
0001100111111000
1110010001101001
0001110111101011
1101100011100011
1110111010111100
1100100100011011
0001111110110000
1100111101110101
0010011000100001
1101010000110000
0010111011010100
1101110011110101
0010101110111101
1101001111100100
0010101110111101
1100111111111101
0000111100001000
1101100000010011
0010101000000001
1110111011001110
1111111001110000
1100100010011110
0010110100001100
1101001110100110
0001110101001000
1100011001111100
1110101010000000
1101111110110110
0001011111100011
1100110010101010
1101110011101001
1101001110101011
0001011000100110
1100011001000100
0010000111000001
1100011110000010
0010100011001001
1101110011010111
0001001111101010
1101001100111100
0010101111101100
1110101011101001
0011001100111011
1110001000111111
0011000011010100
1101101010010111
0000011111101000
1100110101100001
0000010100000010
1101010100010010
0011010001110001
1111001110010101
0010100100101101
1100111100110010
0010010100000111
1110100100001111
0010011010010101
1100110011011011
1111000001111110
1101101011000010
0001010010011010
1110011000010001
0010010001100000
1100101111000111
0011001100100011
1110000000110001
0010110101001100
1101000110011101
0010110010110101
1100101110111110
0001101011101100
1110001101001111
0000110010010001
1110111011100010
0010101001110011
1100111000001000
0010100111111000
1101010010001111
0010110001001010
1101010101100011
0001100101111100
1101011010110100
0010101111010011
1100111000010110
0001101001101110
1110011011010001
0011000101011011
1100101100011011
0011010010011110
1100110100101010
0001100111010000
1110100111000001
1111101110100011
1100110110011110
0011010111010011
1100101101011010
0001011010101101
1101001111010100
0010101000111000
1100110111111010
