0010110110001001
1100110011101001
0010111000100010
1101100100010001
0011000101111101
1100110001011011
0010010101110111
1110101111010100
0010010110110100
1100110010101011
0001100101011100
1101101000010001
0010101110000000
1110011000000100
0010101100011010
1101101101100110
0010111110111101
1100101000100101
0010100011010110
1101001001110000
0011000101101001
1110000110100001
0001001101100111
1110001101001100
0010100110111111
1101000100011010
0001000010110010
1101100000000100
0001110111000010
1101011110101010
0010010011010111
1100101001011011
0010000110110110
1110101110100110
0010010100000110
1110100000000011
0000010011110001
1100101001011110
0001111000111100
1101100011010101
0011000111101011
1101011111100010
0011011000111010
1101101011011010
0010111110010000
1101001110001001
0011010000000000
1101101111101010
0010100111000010
1101110000110110
0001001000101110
1110000001111000
0011000100111100
1110010101001000
0010110000111011
1110000010010110
0011010011001111
1100111110110110
0011001110110011
1110010101100100
0001110010000110
1110000100000010
0001100010110110
1101000011101100
0010001111111110
1101000001010111
0011001000110100
1101011011010010
0010011111101100
1110010101000000
0011010011101010
1101100010011001
0010110100110111
1100100001010101
0011010001110100
1101111100010110
0010101110000101
1100111011100000
0011001111100010
1110101001000001
0001101000110110
1100100111110111
0010011000101010
1111110001000000
0001100111101110
1110110011010001
0001111110100111
1110101001110111
0011001101001010
1110010111111100
0001111111010101
1110011101010111
0010001101110110
1100111111111110
0010100010001011
1110000010001011
1110101111010111
1100100100000110
0001011101101011
1100001110100111
0010010010111100
1100110011000000
0001100000101100
1101100100110011
0010011101101000
1110010011011001
0011010000001001
1110111010001010
0000110000000101
1100111100111110
0001101110101001
1110001101100010
0011000001010111
1100111100010111
0001110011011011
1100101010101001
0011001110000110
1101000100001111
1111101001110101
1100101000011000
0010100100110011
1100110100010010
0010001111010100
1100111101101101
1110100100101110
1100110001110100
0001110101000001
1101011000010100
1111000010000101
1110010011101101
1111001101111111
1101111110100100
0010101011011011
1101011111110000
0010011110110110
1111011101000000
0011011000101110
1110000111101111
0001101010111110
1100101100111100
0001010001101001
1101100110100110
0001100101010010
1100110000111000
0001011010111010
1100111110100001
0010010110010010
1101100110000011
1110000010111111
1100000000001011
0001100100011100
1100000011000111
0000010101010000
1100100100101100
0000101011111111
1100111010110010
0000001110100111
1100011101101000
0011000100010111
1101000010111010
0011101001100101
0001010011110111
0011001111101101
1110010011111110
0011100110000010
1110111100100110
0010111110010110
1101010111000111
0010101010111100
1100101100100101
0010011010110011
1100110110010100
0001100110110000
1100011110111001
0000111110101011
1100011110101000
1111001110101011
1100110110110000
1110111010100111
1101000110101101
0001111111010011
1110010000101011
0011010101101110
1110111111000101
0010100000011110
1100111100101000
0010010011000000
1110000010100110
0010100011100000
1111001101010101
0011000000100010
1110011010100110
0011001000010000
0001101101010101
0001111011111111
1100110010000101
0001110011010011
1100101100100100
0010001110001111
1100100010011100
0010010000000101
1011111011101101
0000110101001111
1100110000011100
0000110010101001
1100110001110001
0001100101110010
1100011100001011
0010100000001100
1110000111000010
0010111101011010
0000110011011111
0011011011011000
1101001111100100
0001100011110011
1101011100010001
0001111111010111
1100101000000100
0010101001100111
0001111000011111
0011010000100100
1110000101011001
0011011001100100
1110011011100010
0000110110101011
1111000100110111
0000101101100010
1101001110111010
0010001011110100
1100011110101000
1101111101110101
1100000111001101
1111100100000101
1100011011000101
1110001110010101
1101000100010000
1110000101111001
1110001101010001
1101111101000010
1100110011001111
0010100101010001
1101001001011011
0001110001101010
1110010000000101
1110011100001111
1110011101000110
0001111101110010
1110011010000110
0011111010001100
0001001101110010
0011010000111011
1101100011101001
0010110100100011
1101011000111101
0010101101011100
1100011000110100
1111000110110010
1011111111100010
1101100101110011
1100111101111011
0010000101001101
1101111011111000
0001110001011010
1101101000001100
1110110100000000
1100011000010101
1100100111110110
1011110111011100
1100101001110001
1100001000011010
1110000111100110
1110000101010001
1110010110000111
1101000100101001
0001111010101001
0000011000101010
0011001111001101
0001100010001010
0011011110110011
1100111110101001
0001100101110011
1101011001101010
0001001010101111
1100001100100010
1101101110000101
1110010111111011
0010100010100111
1110001100101010
0011010001000101
1111001100110000
0010110100110110
1111110111001111
1110111000100010
1100100010000110
1100100000010001
1011101110011101
1011110100001010
1011101111000000
1110001110010001
1100101010101010
1111000100101100
1100111000010000
0001010011110011
1110010000000101
0010111011101100
0001001100001110
0010011010110111
1100111101001101
0011000100101000
1110001110000000
0010000100011111
1100001101100001
0010100101000011
1101100010110111
0011110000011101
1111000010010011
0100000001010011
0010001111111011
0011100110110001
0001110101010000
0010110111001001
1101100001011100
1110111111001100
1100110100101000
1101110010001100
1100001111001010
1111000110010101
1100110000010111
1111000010001011
1101110011010100
0001101001001011
1101000000010100
0010010110110011
1101001001111110
0010011100110101
1110110100101101
0011010100011111
1100101100011010
0010111110101110
1100110010001111
0001100110001001
0001010001011100
0100000110000011
0001100100010000
0011111010000010
0010010101011111
0100001111001010
0011000110011101
0100011101001001
0010111000001000
0100000010000100
0001000100001001
0010010100010100
1101011110111100
0001111110100001
1101111101001110
0010101101100001
1100101110101110
1111001000111110
1100101101100000
0010001010010001
1101110111110111
0011001001000110
1110000001110010
0000111010000000
1110000100010111
0001110011100011
1110111000111111
0010010110111100
0001111111000011
0011110001110000
0010110101011111
0100000100001100
0000111001011011
0011000110010110
0000111110110010
0100100000001010
0011110110100001
0011111001010100
0010000101000110
0100001011010000
1110111111001111
0011010101110011
0001011010110110
0011000110000100
1110000011000001
0000010011010010
1101000010011010
0010100000000000
1101101011010100
0011001001110011
1101001111101110
0011000011110111
1100111110110111
0011001100101101
1100110001110101
0001101010111100
0001000001110100
0011010010000101
0000100100011101
0011101001010000
0001110000011111
0011011000011101
0001011000110000
0100010011100100
0100000100110111
0100001011010011
0001110001010011
0011110000001001
0000011101101000
0011001000010100
1101101100001100
0001000010011010
1100110111001000
1111001110010001
1100111110000110
1110000111110010
1110000001100001
0010011000101100
1111101011110100
0010111101011100
1101110101000000
0010011111101011
1101100100111111
0001010100111110
1101100011100110
0001001011101011
1110001110100011
0001111011001001
0001000000011111
0011001110001011
0000011100011011
0100001110010000
0011001000100011
0011111100110110
0000111011011010
0010010110111101
1100111101101010
1111010101000011
1100011100000000
1111011010011110
1100111011110001
0001010110110011
1100010110010101
1111010010100110
1100101110110001
0011001111110111
1110001001010011
0000111100011010
1101100111011011
0001110010001000
1100110000000101
0011000000101000
1100011001101010
1110100111100011
1110111011100111
0010101001111110
1110010100111011
0011000111010000
0011001100000001
0100000001010011
0000011011111010
0011001110010011
0010011000110010
0010111100010111
1100110010010111
1101000101111001
1100111000101110
0001000010101010
1100111010100100
0001000101100100
1100001001110010
1110011101010001
1110000010011001
0010100011100100
1110001100011101
0011010110010111
1101010110111100
0010101000100001
1110100100101000
1101110100000111
1100001101000001
0011000100111101
1101000100111100
0011100001110101
0010011110110101
0011100010110111
0010001001011001
0011000111010000
0001010100110000
0100000100110001
0001110000001010
0001110000010100
1100111010111010
1110001101101101
1100111000101100
1110000101001111
1100111100100000
1110101100001000
1100100101101010
1110101010001011
1100011001001111
0010010101011010
1110000101001011
0000110011000100
1110100111110001
0010101000110111
1110011110011111
0001011000001010
1101010001110111
0001000101000011
1101111110100111
0010100011110100
0000001111101101
0100001000111101
1101010110000100
0011000110100111
1101110010000100
0010001000110011
0000100111101110
0001110001001111
1101001100001111
1110111101011000
1100110101000000
0001000111011111
1101011111101001
0001001111000000
1100101011110011
0010010000100001
1100101001101001
1111011001101110
1110001111111100
0010101001001100
1101011001010111
0010101010110110
1100110111010011
0001001110100011
1100111110111100
0010001100000011
1101111001111111
0011000001000111
1101101110001100
1111100011010010
1100110001001110
0001111100000110
1101111110111100
1111100001001011
0001010000100010
0010110110101111
1101100010011011
1110110111010000
1110000000000011
0010101101010001
1100110110010111
0001110101110101
1101101001011011
1110011001101111
1110011001010111
0010000110000011
1110100001000110
0011000100001101
1101100110100010
0010010001111010
1101100011010100
1101111100101101
1101101001101001
0010101111100001
1100111001001110
0001000110111000
1100100001100011
1101101010101110
1100011000100010
1110010010010010
1100110100001011
0000110101010011
1110101111101101
0011000000000001
1110100001010010
0010010000110000
1101111010001100
0011010110110010
1110000111000011
0010110011001100
1100111010000001
0000011001111111
1101100001111101
0010011010100000
1101011111000111
0010001001111111
1111010100001110
0010111111001001
1110001001011000
0001000100110000
1100111000111001
1111110001010110
1100111010001011
0001011001000110
1100111111111111
1110111010101111
1101001100011110
0001100001010110
1101100011101001
0001101010011000
0001010101011101
0000111010100000
1111101010111000
0010001100110110
1101011011111100
0010100100001000
1100110101000101
0001101101010011
1101100100110100
0001110110000100
1110101110111000
0011001011001010
1100110111111111
0010001110001101
1101101101101110
0001111110000111
1100110001111000
0001101001000011
1101100010100100
1101010001111101
1101110110110000
0001100001011100
1100111100011001
0010000100000010
1101100100101111
1111010000100001
1110001000010101
0001111010111100
0001011110110111
0010101110010100
1101011101011001
0011001100000000
1101101110100110
0010000110001001
0001100111101001
0010100000010010
1101100111010011
0000111011111001
1100110101100001
0011001100000000
1101100111011100
0011001110011010
1100111101111010
0001110101001101
1110000010100100
1111011110010000
1100011110111000
1110000010011011
1100010111011100
0010011001111111
1100110001111111
0001111010110110
1100101100111111
0001111001110011
1100111000101001
0010000100100010
1101110010110101
0010100001000100
0001000101100111
0011101101010111
0010011101011101
0011010010110100
1110111111010000
0011100011101111
1110100111111011
0011010000000010
1110000100000000
0011000101000111
1100110100010110
0001001101100101
1101010100011011
0001111100101100
1111100111011101
0001011000101111
1100100111111101
0001001010000011
1100101110101011
1111100010000100
1101010110101010
0001101100001111
1100100001100110
1110010111001101
1011111101110000
0001000100000101
1100100110000000
0001010001101011
0000100111101011
0001110101011000
1110011100001010
0011100110111001
0010010000000001
0011100001110010
1101001110001101
0011001011111101
1101010111110001
0001001011110101
1101010101101010
0011010001010110
1100110001100110
0010001111001011
1111001111011100
0010000101100000
1100101010111100
1110111011101010
1100100100111011
0001001101010111
1101010000000110
1110010011100110
1100101001001000
0001010100100110
1100010100101100
1110011010101001
1100011001101001
1111101011011101
1101001011010011
0011010100000000
1101011001111111
0011110001111000
0010010111010100
0011010010101110
1101111010011111
0001011001010010
1110000100011101
0010010001100110
1100101011110100
0011010010000100
1101011000011011
0010011111100001
1100110110001111
0010001001100110
1100100110110011
0011000110111101
1100011100010000
0010010101100101
1100101010011011
0010011111000000
1110101111000010
0001000000010111
1101011001100000
0001100001111101
1100101100011101
1110111010011101
1100101011111101
0001011110100000
1110000000111001
0000111101111001
1110011001111000
0001011010010110
1111010001010101
0010001011110011
1101010000000011
0010111110100011
1101011010011101
0011010101111010
1110100110000111
0010011010101111
1100110001101001
0011000010001111
1111010011100111
0010111100000100
1110011010110001
1111100110101110
1101010111010110
0000111100001100
1100110100111110
0001111110010001
1100100100001101
0010111111010100
1100110000100011
0011000100010011
1100101000110110
0010101000101100
1100111010001100
0001010101010101
1110000100110001
0011001000001010
1101101110110111
0011000001000111
1100110010001110
0010100101010110
1110101010100010
