0011001010010010
1111000000011111
0010101000101011
1100101100100111
0010111001100011
1101111010110001
0010011011011110
1110001011111101
0000011101001100
1110111011011011
0010011010011101
1101010111101110
0011000000011011
1110001000011111
0011001001001011
1100101110001110
0001001001011011
1100111111010011
0011001000101111
1100101000100100
0011010110001001
1100101010110011
0011010111110010
1100111001011111
0011010010011011
1100101111001110
0011010101001100
1101011101101011
0010010111001110
1100111100010100
0000111101010110
1110000111011011
0011001011100100
1101001000101010
0001101100001000
1101100010100001
0000110000000000
1100111011011011
0011000111010000
1111000011000111
0011001100000011
1110000111000110
0010110100101110
1101011010000100
0010110011000101
1101101100010011
0010010111011010
1100111100100100
0001011000001110
1110000011111000
0010111100010011
1110101001001100
0001101101011000
1101000010111111
0011010100001110
1110100001111110
0010101011010111
1100110000001100
0011000000101011
1111000010110110
0010110100011111
1100110111111100
0010000100101011
1101011111101110
0010001100011100
1101000011001110
1111001000111010
1101001110111001
0001111000100110
1100101101100000
0010010111010001
1101110100011100
1111101110110011
1101111110100101
0010111000000100
1100110000101010
0010100110101111
1101110010001011
0010001101011111
1100101101100001
0010110010011001
1110010111011010
0000110101010101
1100110000011101
0011010010110011
1100100110011101
0000110101111001
1101100001010110
0011001111001001
1100110101110111
0010011111111000
1101010101111011
0010100010101101
1111100011111001
0000101110101100
1111001011101001
0010111111001000
1111011011110101
0010100100000101
1111000001101100
0010111010010110
1110011011101110
0001010000010111
1100011011101101
0001100110000001
1110010000101100
0010101100010000
1110011000010110
0010011001001101
1110010000111100
0000101010101110
1110101111010111
0010011001110001
1110111100111110
0000100000111110
1101110010001001
0000111111110100
1111000010011101
0011011001110100
1100110111101110
0011011010100100
1110001000000110
0011001101111001
1110110001110101
0011010110000101
1110011101011000
0010101101011100
0000010101111001
0010001110101100
1110010010110101
0001010011111110
1110000110011110
1111001011100000
1100110100011011
0000011011101100
1100011011100110
0010101010010010
1110001101101110
0011001000000111
1110001100111111
0010010110111110
1100110100010100
0010001011111001
1100101000101110
0011011111010110
1110001110010010
0010111100100001
0001110001111011
0011010110010110
0001011110011001
0010011111001110
1111101100101101
0100000100110000
0001110000010100
0100010010011111
0011000010010111
0011010000110101
0010001010110000
0011010100000011
1101010011110010
1111001001010101
1101101011110111
1101100011100111
1011111011110010
0000011011000000
1100111000110010
0001111100110110
1101110111110000
0011000110100000
1110011111110001
0010111101000111
1110101011011101
0001101101110010
0001001111100011
0010111011100000
1100111101000111
0011001010010000
1101110101000110
0010000010110011
0001010001011010
0010000000001011
0010100101100100
0011110110000001
0001101100101111
0100000010010001
0001111101001111
0011010100010011
1100110110100111
0010001001011101
1101110001011111
1110111101110110
1100101000001100
1101010010111001
1100110001011100
0010111111100011
1100111010011011
0000111100001101
1110010110001110
0001010111011100
1101000001000000
0010111000000000
1101010001100011
0001101111011101
1101100100000110
0011001001101111
1110010010110000
0010001111001011
1101101001001110
0010000101010010
1111000101010101
0011001000000101
0010011110001000
0011101111101010
0010100000110010
0010000111111001
0000110110000001
0001010111000100
1101001110011110
0001101100010001
1100011101001100
1101101000111000
1100111111111010
0001011010010000
1100111010011101
0010110011001011
1110100010010011
0010011000001101
1101001111111101
0010101000111101
1101010111110000
0010010110011000
1100000111111001
0001110111010100
1100101101000101
1110110100011110
1100100010111000
1101101110011111
1100110010101001
0010100011111011
0011001110001101
0100000011001111
0010100100111101
0011101100001110
1111001011100101
0011000010010000
1110011110101000
0010011101011000
1100010110111010
1110001100100110
1100010100000011
0001111100011010
1101101111000110
0010101110100000
1100111010100100
0001010100001100
1110001100000010
0011010111110111
1100110100100001
0010100001110100
1100100111001111
1101100000000011
1011111111001010
1100101100111100
1011101101110011
1100111110000110
1100101010100000
0010101101100000
0011001010111000
0100000000110011
0010101011110111
0011111001001000
0001110111011000
0010001110111101
1101110100001010
0011000100010111
1101011010110110
1101110101010100
1100010011101111
0001100000111101
1110101010110111
0001100000111000
1100111011101001
0010011111111011
1100110100100010
0001101011011011
1100000011010001
1100111100001101
1100001000101011
1101000011101111
1011110100001011
1101111000000010
1011100011101110
1100011010110010
1011101001011011
0010010111110100
1101010001000101
0010100100101011
0000001100110011
0010111011010110
0001111111110000
0011101000111001
0010000100111110
0011100000011101
0000110000110110
1111100011011010
1100011110100101
0000110110110001
1101110110100010
0010110010110010
1101110001101011
0010011010100110
1100110001110000
1110001110100010
1100110000100011
1110011011101111
1011110010100100
1101110101111010
1011110100010010
1100111011000101
1011110111000111
1101000110111111
1011101111001110
1110001000110100
1100100101000110
0001110011100001
1101101111001101
0001111000001110
0000110001100111
0011011001100010
1111100010111111
0011110001100011
0000111000010010
0011100111110001
1100101110000101
0010000110110010
1111010111100111
0011000111101011
1101100001110111
0010000111101101
1101011100000101
0010011011011111
1100010111111010
1101011011110111
1100101100100101
1101100101100110
1100011001110001
1110111110101000
1101001000100000
1110100011110000
1100010011101001
1110001101000011
1100100101110011
0000111010010111
1100011111110010
0010010110100001
1100111010111101
0010101011011101
0001011001111001
0011101101001111
0000110111111000
0011101010000101
1100101110000100
0011000011000101
1100101100110110
0011000011000010
1110011110011100
0011010001010110
1101001001001000
0010001010011100
1101111010001111
0011000000100000
1101010110011011
0010010001111110
0000011100101011
0010010001110101
1100110011110110
1111001001111001
1101100000010001
1110111101111010
1011110100111000
1101110001111010
1101011101011011
1101010101111101
1101100101100101
0001111110010001
1100101010101111
0011001010111011
1101111101100010
0011100100111100
1100110000110011
0001011101000000
1100101001000010
0011000010011010
1100101101111010
0011001111001111
1101010001110100
0001011010111000
1101100101011111
0001110011001000
1110010000101100
0010110111000000
0001111110000010
0001110001111000
1110000000011000
0010001000110001
1101101110011101
1100111100100101
1100001101010101
1110111010101011
1100100100011110
1110010100110010
1110000000100111
0001100000011001
1101011111100100
0001111111000001
1101110110111001
0001011010111001
1110011101001000
0010000111111101
1111000111010000
0011010101100001
1101011110111000
0000110101011101
1101000001010010
0011000100101011
1111010001111011
0011000101100001
0001101011010011
0011011110101001
0000111111001111
1111110011100110
1110010011011001
1101111100110000
1011110010110011
1101011110111100
1011110110110000
0000110000010000
1100111001000110
0010011100001000
1100110110001010
0000001011000110
1101010101011101
0010001001110100
1101101110110100
0010010100001001
1100110101010101
0001101101110111
1101110110101101
0011001000101110
1101011000001100
0010011100110011
1101000001110111
0010110000101100
0010000011011010
0011101101110100
1111110101101101
0010010011011001
1110010100110101
1110100111110010
1101000010000111
0001101101111011
1011111000000010
1101011011100101
1100110001101101
1110100101010010
0001101000111100
0010110010110101
0000100101010010
1110010011001011
1100101101001000
0010100010111001
1101101100001111
0011000110111110
1111000001000111
0010000001111000
1111011010010001
0011000100110100
1101100101000010
0010011010110010
1101110111001010
0011001101000000
1111001010011101
0010111010100110
1110001001101010
0010011110110011
1101001010010010
0010110001001001
1100101010001000
0000100010010001
1100110100001011
1101000110010011
1101100100100011
0010001100010000
0000111101111000
0010101010010110
1101000110010000
0010011101101001
1110110100101111
0011010001110110
1101110100000111
0010110110101101
1101110101000011
0010011100001100
1110000011111001
0010100110010100
1100111010011001
0010010011111100
1111001010011100
0011010010011000
1110100010010101
0011011001010000
1101011111000100
0011010010011001
1110001110100001
0011010000111001
1111000101001110
1110111110111110
1100100011001010
0001110001000000
1101110000010011
0011100100000111
1111101100010001
0011011101011000
0000001010011111
0010010111001001
1111001101001110
0010110000011111
1100111111000001
0010011110110100
1111000110010000
0011000000010100
1111100011001110
0011000001011000
1110110100110101
0010001101001101
0000110001100110
0100000111011110
1101111000111011
0010011111001110
1101110011110000
0010110001111001
1110011010110101
0011100011011000
1111001011000010
0010111001100000
1110000011001110
0001100100110010
1101111001011011
0011001101010101
1111100110011110
0011000100100101
0000110100111111
0010010010100100
0000111000100000
0010110110101000
1110011001101001
0011001100101010
1101110111110010
0010001101101100
1100101101100110
0011000010101111
1111100110110000
0011011001111011
1110010100000011
0010101110000110
1110011010000100
0010001011110110
1110001111010000
0010011001111000
0001000110100010
0010111000100101
1101011001111000
0011100011001000
1101000011001000
0011000000100000
1110010101111010
0010111101101000
1110011111011011
0011100111001001
1111000010010010
0010000111100001
0000110111100010
0010010101010101
1110101111110000
0010110011111101
1101111100011101
0010111111100011
1100101011101100
0000110100001000
1111011111101011
0011010000011001
1101010101010000
0010101000010000
1101011111100011
0001111111010011
1110100000100000
0010000111001101
0001010101010011
0010011100001001
1101110101110010
0001001101101010
1100110100101010
0000111000110001
1101100001110100
0001110101111101
0000101000101011
0000110110000010
1101010111111001
0011100100000000
1101001100110111
0001101100111010
1100111110001110
0001101111000111
1110011101110111
0001110010100001
1101101110100010
0011001001000001
1100101101111001
0010001100001111
1100111110110000
0011100101111111
1110111011011011
0011000111000000
1101100010100000
0010110001101001
1110000101011000
0010001101011111
1110101001010101
0011011000100111
1101110011010000
0010001011001011
1101100001010111
0010001111101111
1101010110111010
0010100110111011
1110110110001100
0001110110101011
0000110100000010
0011010001011101
0000111010101100
0001010110011001
1100111101010001
0000100010000011
1110100000111011
0000111100100011
1110010001111001
0010110111001011
1100111111000100
0010001010100101
0000111110111001
0011000111111001
0000110000100011
0011000110010101
0000011001100010
0011000011110110
1111010010110111
0010110011110101
1110100110010001
0010011100110101
1101011011000011
0000111001111101
1101010000110000
0001111001010101
1101011111000011
0010100000000011
1100110111001110
0010011101111000
1100111011101011
0011010101011100
1110011011000000
0011001011000000
1111010011000100
0000011100110010
1100110011101101
0001101001001011
1111001011110111
0001101000011000
1100110110101011
0011001001001011
1101111001111111
0011010001011000
1101011010110000
0010011010101100
1111101000001111
0001111000010010
1101110111001100
0001111111010000
1100110011000000
0001010110000001
1101100100100111
0011000011011101
1101110111111001
0001110101000110
1100101101000110
0010101001001110
1111000111001010
0010101011001111
1110111001010101
0011001100111001
1101100010110110
0001111101011011
1101000110001101
0010100100101010
1101111010010111
0010010110100001
1100110000001101
0001101001010110
1100110000001010
0001110100010111
1100110111100000
0010011000000111
1100101111101110
1110010000111011
1100111001001011
0001001110011010
1100101101000011
0001111001001100
1101001001001001
0011000010010000
1101001000001001
0001100111001111
1100100111001010
0011000010111101
1100110001111010
0011000100110101
1101110001111000
0011010010111010
1101111111011101
0010100101100110
1100111100101010
0011001110110110
1100101110100001
0010001101001010
1101101111010100
0001101011000101
1100100110000101
0001000100001000
1100101111000111
0010000110111001
1100100011001101
1111000110010111
1100110101001001
0000010001110000
1100111011111111
0010010011010100
1100001111101011
0010110000000000
1100111110001110
0001001011000001
1100111010010101
0001011011001001
1101101000110010
0011000000111011
1100101001001110
0001111011111011
1101100111001000
0010001011010110
1110010100010101
0011001100101101
1100100111100010
0011011001001011
1100111110000010
0011010000010010
1101110011001011
0001011110010111
1110100011010100
0010000100110011
1101111000001001
0011001111000110
1100100010010010
0001100000001100
1110110001110111
0010010011000010
1101010010010110
0010001100110111
1101111100011101
0010100010110000
1110010010000010
1111110010100111
1100111111011011
0000100000001101
1110100100111101
0001100011101010
1100111101000100
