0001100101100000
1101011000111100
0001110110001100
1100111001011111
0000010001001100
1101001100001110
0010010010100000
1101111010001101
0001101110111001
1100101100000011
0010000011010011
1101010100101111
0010110001110101
1100101011011000
0001101010000010
1111011011011011
0011010011010000
1100101010100110
0010100111110110
1110111001101111
0001111010010100
1100111010100100
0011010001010010
1100110111101000
0010111011011110
1101100111101011
0001111111000001
1100110011101110
0010001001101110
1110110000010101
0011010010001101
1101010000110011
0010111110111010
1110011000100110
0010001001000010
1100111111111111
0011001101100110
1100110010010001
0001000101100100
1110110010100000
0011001000001001
1101101010001111
0011000000101001
1101110000110010
0010001011101101
1100101010010011
0010010100000010
1110000000101111
0011010001111001
1111001110101011
0010010010011010
1110010101000111
0011001001110001
1101111110001111
0000110000110111
1101100100001101
0011001101000011
1101111000100011
0010000001001001
1110001111011010
0010011111010010
1110001101101001
0011001111111010
1110010101000010
0010011010110110
1110001011011111
0011010110011101
1110000001000100
0001100010111100
1111010001101101
0010011000110011
1100101011101001
0010101011001101
1110100011110011
0010010000110001
1100101110111111
0001101000101110
1100110010111010
0001111000100000
1110111101101010
0011010011010010
1100111010100011
0001111100000010
1100111100100011
0001010010111010
1101111011100010
0001101001011010
1111010110010101
0011000101111101
1101010000000110
0001110001011001
1110001001010010
0011010101000111
1110101011100111
0010110110010001
1110010010000011
0010011101101001
1101110001100010
0010111110010010
1101011000100000
0011000100010100
0001001111110110
0011001001101011
0001011001101001
0010101100110011
0000101111000111
0001010100101001
1101010011011111
0011010101100111
1110000000000100
0011000101000010
1100110101111100
0001010111110111
1110111010001100
0010100001101111
1110000100100011
0010010110110100
1100110110000100
0010000100000000
1110100010111010
0010110111101000
1101111100100000
0010101110000000
1101011110011111
0010000011010111
1101101110111001
0001111000100000
1110010000011011
0010110001100111
1101110010010010
0011000111100010
1110001001011011
0010110001110010
1101100111000010
0001110011100101
1110010000110001
0010100000100100
1110001000011010
0000101011011111
1110000101000101
0011000011101011
1100111010000001
0001010011001100
1100101011000001
0011001111010100
1100111111100101
0001111101000001
1110111001011111
0011011100010101
1111010000101000
0011011010000011
0000111101010010
0001001010011001
1101110001011110
0000111100011011
1100110111001000
0010001110101011
1110010101000001
0001101001011011
1100100111100011
0010100001101101
1100100110100110
1111010000111111
1100111011011101
0001111001110111
1101110011000100
0011011011110000
1100111111001001
0011001111010110
1111101100011000
0001000010011011
1101001101010100
0011000111111011
1110101100011111
0011001000011001
1110011011100110
0011000011000111
0001011100001110
0011000110110111
0001000111010001
0010110110110111
1110001001011011
0011101001100011
0010000110101000
0011110101010010
0001101001010000
0010111000100100
1110101100110110
0010001111010110
1110010100100100
0000111101100000
1110101011100110
0001100100001011
1110000111000011
0011010000010000
1110000011000100
0011011000000001
1100110000110001
0000111101101000
1100110000000100
0011010000000001
1111001011110011
0011000011101101
1110111111010110
0011101111101010
0011000011110111
0011001010000000
1110001011110001
0011010100000110
0001000100101111
0010101010001001
0010001000000100
0010100011010010
1110011100011000
0011001110010101
0001011111001011
0011011100010000
1101001001010101
0001100110110110
1110001011100001
0011011110011111
1101111101111101
0010101100101101
1100110011011110
0000100100110100
1101101000100100
0001100010000100
1111011100111001
0010000011010000
1110011010001010
0011100000100100
0001000011111101
0011010100100000
0001101000110110
0011100010111101
1100100000101001
0010001111001101
1110011011000101
0011000011100111
1111001001111101
0010001111111010
1101110110101110
0010001111000101
1110001000100110
0010100010001000
1100111101010111
0011001011110110
1111000000001001
0011000010011110
0001000011010111
0010111001001011
1110010111111101
0010111000110001
1110001110111001
0000111011010111
1101000010001100
0011000101101111
1110011010011001
0011001001100100
0001000101011011
0011001001000101
1110000101100101
0010001110011110
1110011011001110
0011011011010010
1101100111110101
0010010101010010
1100111101101010
0000011101100000
1110101000101101
0011010100100011
0000111110100100
0011101111010111
0001001101100101
0001111010011110
0001110111001001
0011110100110110
1100111110100011
0010010001111001
1110001110001110
0001000101100101
1110111010011001
0010011001010100
1100111010110011
0010000011110011
1101011111110100
0010100011111000
1111010001011001
0011011000001110
1111001110101101
0010010001110011
1101101001000000
0010101010000001
1101101110011101
1111001111111011
1100001110001100
0010000001010000
0000111000011010
0011000000100111
1110111101011110
0011100001000000
1101001100111101
0011111010110101
1111011010010001
0011110011011000
0000111001011100
0010111000000011
1100110110011101
0001000100001000
1111000110010000
0000110101011101
1110010101110101
0001011011100000
1101011100011000
0011011101011100
1101110000001010
0010000001001101
1110000111000011
0011000010101100
0000110010010001
0010110011110011
1101000101001000
1110111110110011
1100101001000011
0000011010100010
1110000100000100
0010111110011111
1111001100101000
0010101110111000
0000100010010101
0010001001010110
1101010000111101
0010011011001011
0000111000100100
0010001100011001
1110010001110011
0001001001010011
1111110010101000
0001001000010110
1110010101010011
0000111110000001
1110011000110110
0010010000100101
1110010111101101
0011011001001011
1110001101101011
0011101110100000
0010001100001111
0010110010010011
1100110111111001
1110000001101111
1100100110111110
1111000111111100
1110111000001011
0010001000110100
1101101111110100
0011000001110010
0000110101101100
0010000110100110
1101110101001000
0011000101010111
1110011111000001
0010100001011011
0000011001001011
0001101111111010
1100110110110001
0001111001011000
1101110101001101
0011001011011111
1101111010100001
0010101111010000
1100101110100000
0011000010011000
0001000011000101
0011001110111010
0000110111001110
1111001100100010
1011111111101010
0001010010001100
1100101101000010
1110001111110001
1110001010111110
0011011011001010
1111001111011111
0010010011010010
1101011110000000
0010010101001001
1110001100010001
0001110101101000
1101110001111110
0000110110010000
1100110011110101
0011000101100110
1101101110111100
0011001101101101
1111001111011101
0001101111011011
1110110001000011
0010010000110110
1110111000001001
0011000010101101
0010100111111000
0100011010000001
0000110110011011
1110000011001100
1100101011001110
0001101000101100
1100111001010010
1110001000110001
1110011100111110
0011111000111011
0001110101010000
0011101000101001
1101011101000100
0011001010001000
1100110010001011
0010110000010011
1110101001101100
0001111011010100
1100111010001000
0010110010111111
1110000101111111
0010101110101000
1101110110000111
0011000111000110
1101110001101111
0010100011110011
0000110100111110
0011011000110000
1110001010000111
0010011010100010
1110011101100111
0010100110110000
1100101001110101
0000111101001000
1100010100110000
0001111111100010
0000101001000100
0011101101100111
0001100011010101
0011010010001001
1110011111010100
0010011101110101
1101100110100011
0011011001010000
1101111100100101
0010001011101111
1101010001001110
0010010101011000
1100111100111101
0010000101100110
1110110101110100
0001001001010110
0001000100100101
0011001100001100
1101101110010010
0011010000110101
1101010101110100
0011001001100101
0000001100110001
0010101101101111
1100010001111100
1111000111101000
1101101001110010
0010000101011011
0001110100111001
0100000000000011
1111010101101110
0011001011001110
1110110000100100
0010110111000111
1110010101010111
0010100011111011
1110110011010111
0011001010111010
1101100010010011
0010010111011001
1110010000110110
0001010011001111
1100101010111000
0000111110010110
1110001000110011
0010011111001101
0010001011010011
0011001100110111
1101010111010110
0011010001000010
1111100001101001
0010010010100111
1011110110100100
1110100110101100
1111000100101110
0011001010010111
1101011111110100
0010101101001100
0001010011101110
0001111010010101
0000111010111011
0010011001110110
1101010100100001
0010001001011110
0000101010111010
0000011111110101
1100110011110100
0001010110111100
1100110010010101
0010000010001000
1101010000001000
0001101001011000
1110111111110010
0011101101111100
0010000101110000
0001101111010011
1101010110001100
0010011010110100
1110100000110010
1111001100000111
1100101010111100
0010001101100011
1101110111011110
0011101000000111
0001101000101100
0010111001001101
1101001111101101
0011101011101111
1101011111110001
0011011001000100
0000110101110111
0011010001111000
1110011101111100
0011000110111101
1110100111010111
0001101100110110
1100110110000010
0011010101101000
1101110110111110
0011000110000110
0000111100010110
0010111001010001
1110000010101011
0011001111010111
1101111001001101
0011101110110100
1101110110110000
0001101000011100
1101011000011101
0010011000110011
1110110001000010
0010011101001100
1110011110100001
0011000100000001
1111110110011110
0010100010001011
1101000010101100
0010000101001110
1110111100101001
0011000110100011
0000001011011100
0001111010111111
1101011001111001
0001101100101101
1110110100011111
0010110110010101
1101100110011100
0011010110101100
1101101010111110
0011101111000111
1101111101001010
0001111011011000
1101110000010110
0011001101101011
1110000001001000
0011000000010000
1101101101100110
0011010101100000
1101110000001110
0010011000101111
1110001111110111
0010100010000110
1101000100101111
0011010000100000
0001011110110110
0010100000110010
1101001011010010
0001101100010100
1101110100001100
0000111010011100
1100110010101001
0010010011101101
1101110111100011
0010001010001011
1101000100011011
0010011011100001
1110101011011000
0001101111111001
1110000101111010
0011011001101011
0001011111000001
0011000011000011
1111011011100110
0010010010110001
1111000100111110
0011001001010110
1101110011000101
0010101011101000
1101000001101101
0001111101111011
1101111100000000
0011011100111010
0001010001101111
0011001000000001
1110111101110011
0010001100011001
1100110101110111
0000111001110000
1101110000000000
0001111000111100
1110101000001010
0001110111100100
1100111011100000
0010001110010101
1100101000110101
0001011111000101
1110010001010011
0011000000100001
1101100111100111
0011100011110011
0001001001010101
0100000001011011
1110111110011100
0010111100001000
1100101010010011
1110000100101010
1100111000010011
0000111101010011
1110011011010011
0010110100011100
0000101101010011
0011011110100100
1111010100011011
0010000010001011
1101101111101011
0010000110100110
1101001010111001
0001110100101100
1101100101001000
0001000011110100
1101010110111111
0010100110011100
1101000110010000
0000001101110001
1101001111110001
1110100010010010
1100111000001110
0010011111011100
1101101000000111
0011001000011100
1101100011011100
0010101011100001
1100111111011010
1110001011011100
1011110100110101
1111001110010010
1101000011001101
0011101000111001
1100111100001011
0001010010111001
1110000111010010
0001001000100100
1100101110111010
0010100000110110
1101110001101110
0001110111100101
1111101110000111
0001000000011001
1101010110000100
0010010101100101
1110000001010111
1111110000101011
1110110011001101
0011000111000101
1111001111001111
0011001111110110
0000011110000001
0011101011011101
1110110001001000
0011011001100010
1111000111011110
0010010000011111
1110000111001101
0010101111011101
1111010110011111
0001101000100000
1100101101100010
0011010001110001
1110111100101110
0011001110011000
1100101110100110
0010011001011000
1100101001000011
0011000110101000
1111000100101000
0010001000111111
1110111100101100
0000111001110011
1101101010101101
0011000101011010
1101111011110111
0011010111001011
1101010000011000
0011011111010101
0000001101110110
0011010010000001
0001110111000011
0010100011010110
0010001011110000
0011101001011101
1101100110001001
0001101111110010
1101110100111010
0011010110011101
1100111100010011
0010100100100110
1110111111101011
0010111101100011
1101101111101001
0001100001101011
1101011001000010
0010000000000110
1101000100111001
0010100001101010
1110101011110001
0011000100100101
1100101010101111
0001110010111001
1100111001011101
0010011101011100
1100110101111100
0010100000100001
1111010110010101
0011011001010101
1111010111110110
0010110110001000
1110010011010111
0010010100000001
1101111001011111
0010001111110010
1110001111000010
0001010110100010
1101010010000111
0011000000110011
1110111111001010
0010000010001110
1110001100111010
0001100000010111
1111000110110011
0011000001101110
1101111101111110
0010110011100100
1110111111010101
0000110011101110
1110011101111000
0001101010011101
1100110110101001
0001010011000110
1101101001110010
0010110111010100
1101010110000011
0010001100110100
1110111011110110
0011000010001100
1110001011101010
0001111010101011
1110100110011101
0010111010101000
1100111111001111
0010101011110001
1110110001100001
0011011000101001
1100111100100000
0011000010100100
1101000000010000
0011001011100111
1110110111101100
