0011001010100010
1101001001111111
0010010111001100
1100101100111110
0010101000001111
1100110101000000
0001000101110000
1101110011010100
0011000000111001
1110001000110010
0010001111000111
1110000000110110
0011001011100101
1101110010101111
0001010000111001
1100100110111111
0000100111001101
1101001000000111
0001110010101101
1101101000111111
0001100000010010
1110000000101011
0011000110111111
1100101011111101
0011000100011010
1111000010110110
0010000100110111
1110110100001110
0010001001001001
1101100101100111
0011010011000011
1110010101000001
0001011010011100
1101110101111011
0001011011101100
1100111101010010
0001101100111010
1110001111010011
0001011101101010
1100101000101000
0010100111110111
1101010010000011
0001111100001010
1101110011110111
0000101110010011
1101101011001000
0010001010100111
1111000100001000
0001001111010111
1101000010100001
0010100100111001
1110000111111110
0000110011000100
1110000000010101
0001101100111011
1100110110110110
0010001110010001
1101001110001110
0011010100000111
1100110100010011
0001010001111011
1100110010011101
0000111110010111
1110001001110011
0001110001111101
1110010010001001
0000101000111111
1101011111111101
0010011000110010
1110010111000110
0010011000101110
1110110000100110
0011000110101100
1100101101100111
0010010111000110
1100101111010100
0001110010101011
1100101010110001
0011010101000110
1101110011010100
0010110011001110
1101100010110100
0011000010010100
1101000011001110
0011001110011011
1100100111001111
0010011101110010
1110001001111110
0010110000011100
1101101110000010
0001011000100011
1100111001100110
0001101111011111
1110001110111111
1111101111010010
1101000110111111
0010011101010000
1111001101101010
0001101001001111
0000110001011000
0010000010001101
1101010100000010
0001010111001100
1111001111101000
0010100000000001
1101100000110000
0000111010101101
1100111101100100
0010101100010100
1111110010000011
0001100000110111
1110010110011110
0010011101111101
1100101101010010
0011010011110101
1101111010000000
0011010011111000
1101110011101001
0010111010111100
1101011011010101
0011000100100000
1100100101000001
0001010100000010
1110001100011100
1110111011010111
1101110001101010
0010101110111001
1101011001001101
0001111100000101
1100100101100111
0010110000001100
1101001001101110
0010100101011111
1101100011011101
0011010110100000
1110111101011000
0001110111101100
1111001110010110
0011000101000011
1100101000100010
0000101101110000
1100101001111000
0001100110011110
1101011010000101
0011001011010110
1110100011100000
0011001001101101
1100110011100101
0010000110100101
1100111010000101
1111010100000110
1101010000110010
0010001111001011
1100101001101000
0001100010100011
1100011001100111
1100110110101100
1100110010110000
1110011001111111
1101001101001110
0010000001111110
1100111011011101
0001000100000111
1100001001101100
0001111000101011
1101111001001110
0011011000110100
1100100110010100
0001111110110010
1100111010110110
0011010110011001
1101111010111010
0010111010011100
1101111110111000
0010001011100111
1100100100011111
0001011100000011
1100101110111010
0010001011110000
1101111101110001
0011011011100001
1110011111101110
0011000000110111
0010000100100000
0010111000100011
0001001011100011
0010111110001001
1111001100110010
0010011011110011
1111000000011101
0010100101111001
1011111100101100
0010011110100000
1110000111010101
0011010010001111
1101011110001000
0010100010110111
1100110001100001
0010100101010110
1100110010010100
0010110101011000
1100111101110111
1110000001110011
1100010110111101
0010000000011100
1110000011010101
0011010111001001
1101010011111010
0011010000010011
0010111000000011
0100000101010100
0011000010001100
0011100101110011
0001111010001010
0011101001010101
1111100010010010
0001100011001011
1101011111110001
0011010100010111
1100101010100010
0010110001000110
1100101101001000
0010110101101110
1100111111101010
0001001111111100
1101100011001100
0001110100110001
1101011011100011
0010011010100111
1100101001001001
0001101110001001
1110010111010010
0001101100111110
1100110110010000
0010000110010111
0001101010011100
0010010110101000
0001110110000101
0010110111100111
0010010000000100
0011111110101110
1110010010111010
0010011000010000
0001110110000110
0001101010000000
0001100111101110
0011000010001000
1110001010100011
0010111111111000
1101011110001010
0001000110001101
1101100110110001
0010010010000100
1100111111000110
0001110000010000
1101110101001101
0010001100111100
1101101100100110
0001110011100001
1100111111111111
0001110001100001
1100111110011110
0011001101110100
1101000100010110
0011000111010010
0001110000000101
0100001001111100
1111001011100010
0011010111011011
0000110100100011
0010011001111000
0000101110110111
0011001111101001
1111110010000110
0010011100111000
1101011101010101
0010010101100111
1111100000001101
0001011110010001
1100100111111010
0010101000101010
1110011010000101
0010100000000001
0001000000110111
0011101110100001
1101111111011010
0011000011100010
1110010111111000
0001101011111100
1101010001101010
0010011000011100
1100101100110111
0010101100101110
0001111010000010
0011101111100101
0010101011001001
0011010111111010
1101011100011101
0011011101110011
0010000101001100
0011101000001110
0001100100011010
0011100011100100
0001001110110011
0011011000111000
1110101111000010
0011010101000010
1110111010000011
0001101100101010
1111001110111011
0001010100001101
1101001000011011
0010111001111111
1110110100000101
0011010110111100
0000011011110011
0010111111101010
1101100011111010
0001010000110011
1100101001000011
0001100110011101
0010011010001101
0100000011011000
0011000010001001
0011000100100100
1110111000111110
0011100100111001
0001100001111110
0011000110110101
0010110100011011
0010010101101111
1101110110011111
0011000110101111
1100111100101111
0011000101110110
1101100110100001
0001010100000100
1101001000001000
0010110101010010
1110011000110010
0011100001000110
1110000111110101
0010100110000001
1101100110100010
0010011010011111
1110101110110000
1110011111010000
1100010010010011
1110110101110001
0001000100111110
0011110000011011
0010011110000000
0001100001011100
1110011111010100
0010010110011011
0001101101100110
0010100001010000
1101010010001111
0011000011101011
1101110100010010
0011010011000100
1100110001111010
0011001110100000
1101001100011111
0011001001010111
1101001101110010
0001100011001010
1100110110010101
0010100110111111
1101010001001011
0010011100101111
1110011110011010
0010011110111011
1101101111010010
1100111111001101
1011111010111110
0001000001111010
0010010001100100
0100000000010001
0010000101110001
0011010000100101
1101011001100000
0010001011110101
1100111011001110
0010101001101111
1101010111100011
0010101100100100
1100000101110101
0001000001111110
1101001111110110
0001100100001101
1101111111100101
0010011110010011
1110100111100011
0000110011010110
1110010010100110
0011011111010011
1110100000000101
1111101000111000
1101011101000111
0010011000100011
1101000110101100
1101000110010100
1011111011011110
1101010101001000
0001100011100111
0011011010010000
1111100001010110
0001101010100101
1101010100101111
0001001101110100
1111001110011101
0001001011000110
1101110000010000
1101110001010100
1100010100001010
0010101111000101
1100101000001110
0010101110110011
1101111100010010
0010011101100010
1100101010110111
0011000011110011
0000011000111100
0001110101001001
1100100011111101
1111011000100010
1100001000110101
0001010010010110
1100101111011110
1101010110100011
1100010010001010
1110110011100101
1110010101011101
0001101001111001
1110001011110001
0000110000010100
1101111011010010
0010001110010101
1100111010001010
1111000001100001
1100111011111010
0001110000010010
1100110111000000
1110011000101100
1100101000101111
0011000110000111
1110001110000011
0011000110011011
1101100000101010
0010111000100000
1110010011010001
0010100111110111
1101100101000101
1111001010101110
1100110111001101
1110011111001010
1100110001111010
0001101011100010
1110001100100110
0001111011010101
1100110001101100
0001000001111101
1100100010001111
0010001000101000
0001101101101111
0010011000011100
1110000010111001
0010000111001110
1100100100011010
0001011010011100
1100010100011011
0001110000110100
1100111010101001
0010100110100101
1111001111000010
0010011001101011
1101101010000100
0001111110111001
1110100000000001
0000011100100001
1100011110000110
0001011110000111
1101101010011011
0010001011100101
1100110011111011
0001011011100000
1101100110001100
0010100010100110
1100101110001000
1111100100011011
1101001001000110
1111000100011010
1110011111110100
0011010100010101
0001100101110011
0010011011000010
1101000100010100
1101101000100110
1011110011110101
1111001111101011
1100100011000101
0010001100110100
1110011011011000
0010010111110001
1110111101101100
0001110110100110
1100110000000100
0010110000101111
1101000001000000
1110011111110110
1100101111100110
0010010000001110
1101100001101001
0001001010110101
1100110001110000
0001110101100010
1101000101001110
1101111001100110
1100110101111111
0011000000001001
1100111110010100
0010111111100000
0010101100110100
0010010001100001
1100110110100111
1101010010000101
1011111001101100
1101010001010010
1101101000101000
0010011011010101
1101011111100100
0001100011100101
1111110010110001
0011001100010010
1101101000100101
0001110111011110
1100100100111000
0010000000110010
1100101110010100
0001010011010101
1100110111100001
1101111110100110
1100101010101100
1110010111001110
1100011100110010
0000110100010011
1100100011110001
0000111001001111
1110110011001011
0001110100110001
1110011001010010
0000110000101001
1100100000100000
1111000110000111
1100001000110110
1110010101110001
1110010101011110
0011001001110100
1101010010110000
0001111101110010
1101110110101101
0001101000101101
1110001000000101
0010110001010011
1101001011110101
0010001101101100
1101100001001011
0010101101000010
1100001101110111
1101101111101111
1011111111111110
1101101011111100
1100000111101101
1101000000111000
1100100100010001
1101000001001110
1110001111011111
0000110110001101
1100101111101111
0001110101101011
1100100100110101
1101110111000111
1011111001011100
1101111100001110
1101111111110000
0011000010101101
1100110111111111
0001100110010111
1101001010111000
0010010010000011
1101111111100001
0001111001111100
1110100100100011
0010001001010100
1110001111111010
0001111100101011
1101111001111101
1101100100101101
1100011001111010
1101011010010011
1100100011101110
1111110000111100
1101100001100010
1101100000010010
1100010110000100
1111001010001101
1100110111011001
1110011000111000
1101100100100010
0001010011110001
1011111101100000
0001011001100110
1110010001000111
0001101110011000
1100111010010100
0010001000101000
1111001001101000
0010101000100001
1101011011001011
0011010110111101
1101011011110011
0010111011100010
1110001110000011
0011000111110010
1110111001111100
0001101110110110
1100101101001111
0010101000110110
1110000010100011
0000000011110011
1101011101100011
0010111101110011
1100000110011101
0010000010010110
1100001111101111
0010000001000001
1100010111011001
1110001011110010
1101110010000000
0010101000011100
1100101000010100
0011000111110010
1110100100110110
0001001110111001
1110111101011000
0011010011011111
1101100111011100
0001100110101000
1110011101100111
0010110110101010
1110010000100010
0011001101101101
0000111010011010
0011001000010000
0001101000100010
0011001111000110
0001110110110010
0010100111001110
1110110110010001
0010001011010100
1101010001010000
1101101101010100
1100110110001101
1110011111010000
1100100001100111
0010011000110101
1100101110111010
0010110000111001
1101001001010101
0000100100010101
1110001000101000
0010010111010001
1100110011110101
0010010101010101
1101010010011100
0011011010001001
1110100000001100
0010010101011100
0001110111100101
0011111001000001
0001110110011111
0011101000011110
0001010100011110
0011101101000101
1111110100110011
0011100001011011
0001000101100101
0011100000111001
1111001000110000
0010110000001110
1110011010111011
0011010011100000
1110100011010010
0011011111111111
1100110100000011
0010010010111001
1110000001100001
0011001111000100
1110101101000100
0011001100011001
1100101100110111
0010010000110110
1110000011001011
0011001001001000
1100111001101110
0011100110100101
1110001110101000
0011011001001110
0010111011010100
0011111111001000
0010011101100110
0011110001000010
0001000000011011
0011110101111111
0010010100011001
0011011011001100
0011000011010101
0011100001001100
0010011000110000
0100000000011010
1110011000100100
0011001000111101
1101011101011000
0001111100101010
1110000111011011
0010101011011010
1100110100000001
0010100111000000
1101100001101001
0011011000101110
1101110011011011
0010010011111110
1101110110101110
0011001100000001
1111100101011110
0010111110000101
1110001011110011
0011111101000001
1110110101011000
0100000010010111
1110111011000010
0100000010111001
0001110000000000
0011011100110001
1110100110111100
0011000101110101
0001101000011011
0001101111000100
1101110111000101
0010000100011000
1100111000001000
0010001100101110
1100111000001101
0010011101001110
1100111011011011
0001000001100001
1110101010101101
0010101101111011
1101001000001111
0010111001000001
1101010011110101
0001001000100110
1110110111111000
0001000110100100
1100111000000011
0010000101000111
1101111100000011
0010110110100001
1110011100110001
0001110000010000
1101111100100111
0001011001001101
1111101001001100
0011000101000001
1101001101010101
0011001110001111
1100101011101001
0011001010001010
1100110101111111
0010110001101101
1110111101101000
0010111101011100
1111001000001101
