0001100111011101
1100110101011111
0011011000110010
1101111101111001
0010001111110001
1101001001111001
0000101111101010
1111001110100010
0011000011101000
1110100001101100
0001000001100111
1101010001011001
0010100000000110
1101100101011110
0001100100100110
1100110011011011
0010110000001111
1101001111101101
0011010110000101
1100111101101111
0001110110101110
1101001000010010
0010101001100000
1110001001101100
0010010011000000
1101110000010111
0011010100000000
1101011011110100
0001010011110000
1111110010010010
0010010001110011
1101111110101011
0011001010111000
1101101111110111
0011000001110101
1110001101111010
0001001001100111
1100111011001110
0001111100111001
1100110011100000
0011010110011000
1101110111110110
0010011001101101
1101101011100101
0011010101000010
1101000111001110
0001111110101111
1101011101011010
0001111000010111
1110001010101011
0001110101000010
1101010001111000
0011010110111111
1100110000110110
0011010010001110
1101110010001110
0001111010110001
1100110011011000
0011011000111111
1101101011011101
0011001100111111
1101101111101101
0011001100000110
1101001100010001
0011011000101001
1101110101110101
0011101010111111
0001101101011001
0010101010010101
1111010101111111
0011100100100010
1111110111001101
0011011000001011
1110110101110000
0011010101111000
1101101010000100
0001010111011111
0000001001000111
0001110110000101
1110001010010010
0010001111001110
1101100101000011
0011010101000010
1101110111110111
0010000110000100
1100110010010110
0011001010111101
1100111111111001
0011000000110101
1100110110010101
0001100001110101
1101100110111001
0001110011111110
0001000000010101
0010001101001011
1110110111111110
0010101010010111
1110111100110000
0010010111010100
1101001001111111
0010111101110001
0001100000100001
0010100010001000
0001100011111000
0011000101011100
0001111000100011
0011101000010100
1110010000000011
0001101011111111
1111000011100111
0011000010101000
1101010101101010
0010110110111010
1101000011011110
0011011001010100
1111001011110000
0010100111011110
1100110001000000
0010111001110000
1110000010111000
0010011001000100
1100111010001101
0011010010001011
1100101101010011
0011000000110100
1110001011001111
0001110100001110
1110100111110000
0011001110011110
1111001111001101
0011011011011110
0000110001000110
0011110110000001
1111010101010110
0010110101110101
1101011101001110
0011001000001101
1110100001110111
0001001010010011
1100101000010101
0001111100000001
1100110000110000
0010100111001011
1100100110000010
0010011101011011
1101010101100101
0000011000100100
1110101000011101
0001101110010000
1101100010011111
0010110001010101
1110110000100000
0010101100000101
1110000100011111
0001011000100000
1101010010001100
0010001001110011
1110000001111010
0001001000001000
1110000000101001
0011010010000001
1101011010011000
0011001111000101
1100110111010110
0010001100110001
1110101001100100
0010010000100011
1101100100000000
0001100001011011
1101001111111000
0010011001000100
1101011001101100
0001111111111100
1110110011011001
0010001111010011
1110110000100111
0011000100110001
1101101000011101
0000111000010000
1101111010010000
1110110000101011
1100111000011111
1110011100000010
1101010111001000
0001101000101110
1101001100110011
0010010001100100
1110011001110010
0001100000000101
1101011111110000
1110110100100101
1100010011100101
1101111101101000
1100001000000001
0001110110000001
1100101001100010
0011010111011100
1100110000101111
0010010001010110
1110010011000110
0001111000110001
1100100100010011
0010111110111001
0000011100110001
0010000011010110
1110011100111101
0000000011100111
1101100101100000
0010111011101110
1110010101111100
0010110000011101
1101101010100110
0001111000000001
1100000111111110
1110001110101101
1100111001001111
0001110100010011
1101001010111111
1110001111010111
1100101110001010
1110010101011100
1100101001101100
0010101010001101
1100101000111111
0010010110000001
1110110011110001
0011001111100100
1101010010100100
1110100011000000
1101011000010000
0010110010000111
1110011011100010
0010111100110011
1111001001111110
0010101110100100
1110010001111110
0010100100011100
1110011101101001
0001011101000101
1101101110101100
1101100101001101
1100100010011100
1110011011000100
1101011000100010
0000111111110001
1100000111101010
0001011011001101
1100001111111100
1100111010011011
1100111001111101
0001111100110000
1100110001110010
0011000101101001
1110010111101001
0011000110111000
1110001001100011
0001001111101011
1100101101110010
0010100011011011
1110100000011001
0001100100000001
1110000001110011
0011000010101011
1101101101011101
0010111000100101
0001011111000101
0011001111010111
1111011111000001
1110110110011000
1100010100000001
1101000010011100
1100101011110111
1110110111010111
1011111110111000
1101100100100010
1100110001000101
1111000111110000
1101010001011010
0001111101010110
1100110010000110
0010001010010010
1100101001010011
0010111001000111
1110001110100000
1111000111101011
1100110010100011
1111001110111100
1101011100001010
0000101001010110
1101001000000101
0001100001111010
1100110111001001
0001101001111100
1100101011110001
0010100001111100
1110000000010111
1111100101010010
1100100111001001
1101001011110011
1100101011011011
1111000101010101
1100100110000100
0010000001110110
1101000101110011
1111010110001111
1100010001111011
0001000010101101
1110010110110101
0001000100101001
1101001000011000
0000110010010101
1101001011100110
0001110111111001
1100000101011110
0001001110100010
1011111100000101
1110000110111010
1100110010111101
1101000111100001
1100000100000110
1100101101001111
1011111100101110
1111000101100111
1100001001000011
1101101000101110
1100000111110110
0010000100010011
1101100100101011
1110100100111100
1110100101100100
0001101001111100
1100101000001011
0010100010010101
1110010110000000
0011010010000110
1101111110100111
0011011001100101
1110100100110101
0010100111100001
1110010111010011
0010011010011001
1100000001011000
1110001101000110
1100000000000010
1100110110011011
1100001010010110
1100101000000001
1011011011010110
1100000110101111
1011101100000010
1101110001000110
1100001111001010
1110010000010101
1100111110100101
0001110001101100
1110101000001001
0000111000110010
1101110011101000
0001111001001101
1101110101110101
0010101000011011
1101100011001010
0001111010111110
1101100100101111
0010011001011110
1110000001101000
0011001101000010
1101010000100110
0001010001100110
1100011010101011
1110000000010001
1100011111100101
1100101100011100
1100101100101011
1110001111110100
1011111101101100
1100010010101000
1100101010100010
1110000000100101
1111001101100111
0010001101101010
1100101100000110
0010001000101011
0000110101100000
0001110001010110
1110011110111001
0010110110001110
1111011000010010
0011011011101111
1101000010111011
0011001001001101
1101010011101110
0001010010011000
1110100000110101
0001001011001100
1100111111001110
0001100111010110
1011111011011111
1101110100101101
1101100111110011
0001100001100000
1100110101001100
0001101111011001
1100110001100011
0001000001110011
0000100010011110
0011000100111111
1111001110000010
0001111000001100
1101001001011010
0000111101001110
1110011000000000
0001001000010111
1111000101011111
0010001001111110
1101100111011111
0011011000111111
1100111100001010
0001010010110011
1101000000010110
0010100010110111
1100110000000011
0001110110100110
1100110101101100
1110011100010000
1100110001100101
0001011011110000
1101010001111111
0001111111001000
1110110011001101
0011000011010000
1100110101101100
0000110101111111
1111001110011011
0011110101110010
0010010010100011
0010010100101101
1100101010111001
0001110001001101
1100111010000110
1110100010011000
1110010010011000
0011001001001000
1101010111000100
0011001010001001
1111010111111101
0011000011100101
1101111110010111
0000110110101110
1100111000001111
0000110100111010
1100110010110101
0001111001000101
1101010111000101
0001101011110101
1101011110001001
0011011101101011
1110001010011000
0010110110000110
1110011111111011
0010000100000000
0010110100001100
0100010000001101
0010100100110101
0011110111110001
1100110101110111
1111001011001110
1101111111111100
0001001010101101
1110000010011100
0010011010101000
1101001011111010
0010110111010111
1110001111101110
0011010011100000
1100101010110101
0010111111000011
1101010110001110
0001101001001010
1100100101100011
0001101101101100
1110000010000001
0001111101001111
1111011100110111
0011001000010100
1110000000001011
0011010010101010
1111001000100010
0011100101011111
0100000000000110
0100000111001010
0010000000101000
0011010110000100
1101011001111010
0010001011110100
1100101100110010
1110101010001010
1101110011101010
0011000010011000
1101110001010110
0011001110101101
1101111001010101
0011001101100011
1100111000111000
0001010010101001
1101000010010111
0010101111110010
1100011110110000
0001011000110100
1110011001000000
0010000100010110
1101000111000001
0010000000010000
0010011011000000
0011011000001000
0010011110111010
0011111000110110
0010011100011101
0011110110001111
1111100111001111
0000111110011111
1101000000011101
0001001100001110
1101000011000010
0010101001010010
1110011010101101
0010011110010001
0001111010001010
0011100011011101
1110101010111101
0001000111010110
1100101101100110
0000101111111101
1100101001110011
0010101010010010
1101110100001101
0001101101100101
1100111111101010
0000011010101101
1101000000101111
0010010101010010
1110110111111110
0011011100100101
1111000100011001
0011110100001001
0011010111000010
0011010001001101
1110010100111011
0001100010001001
1101000100111101
0001010001010111
1101010111101010
0010110100100101
1100111111011011
0011101000111001
1110110100001010
0011000010010101
1110110010101000
0011010101011100
1101001110010100
0011000010111011
1111001001101101
0010011011101010
1100101010111111
0010011111000100
1101000010101010
0011001001001100
1101101011000110
0010010001011001
0001001101110000
0011011010010010
0010100100000100
0011111100001111
0010011011011011
0010101011100001
0000111101010001
0001101010000101
1101101111111000
0011010100111100
0001110011001011
0000110010000010
0001011101010011
0011100011011010
1111010000110110
0010001110011001
1110110011011010
0010100011110000
1110101000011100
0010111011001100
1101101101110011
0011000011011111
1101101001101000
0001101110000110
1101010101000111
0000111111011111
1110010010010101
0010010010100110
1110100111001011
0001101101000010
0001000001010001
0010010011010110
1111000110011000
0011010011011011
1110010101011001
0010010001001001
1101011110100101
0010111011111010
1100111001010001
0001101100100010
1101011000111101
0011000110111011
0001100010010110
0010000100000111
1101110011100101
0001110001100001
1111000011110010
0011010011111001
1100111001101001
0001101100100100
1101010000000110
0001000110010010
1110101110001001
1111100100010000
1101110000111110
0010000001010000
1110000000100001
1110001110110101
1110101111100110
0000111101110010
1101110000011011
1110111110000010
1100100000111001
0001011100101000
1100111101111101
0010001110110111
1110001001010101
0010110000011100
1110000110100001
0011000111010110
0001100011010101
0011010001010010
1110001111100000
0010100010011011
1100110110100000
0011010100101101
1100111000011011
0011001111111001
1100101011111001
0010101001100101
0000011001100011
0010111100101111
1101110100111100
0010011111110101
1110001000110110
0001111111111111
1101000101100001
0000110011010111
1011111010001101
1110001001111101
1100110100011011
0001111001001111
1100101011011110
0000010000100111
1101101011111111
0011000011011111
1101101000000000
0011001101101011
1101101001011010
0010001100101110
1100110111000101
0011000001111001
1110011011110111
0001100101110100
1110001110110111
0000011011011111
1110010011100001
0000111100010110
1100110110001110
0001101111001001
1101101111101010
1111100101101010
1101001111000101
0001100001111100
1101101011101011
1110010001110111
1100011010001101
0010011101110001
1100011110010111
0010000011001011
1101011011101001
1111010111010001
1101011010111101
1111010001000100
1101011011110000
0010011000010100
1111001000111101
0011010011100100
1110011111101101
0010101101001101
1101111001101100
0000110001000111
1110000011010011
0010101010011101
1110010001001111
0010111100110110
1101101010101011
0010110000011001
1101110010001011
0011000001010000
1110001111110010
0010011100110010
1101111110011001
0011101010000011
1101001011010001
0011000100110110
1110010101011010
0010101000100001
1100111010110111
1110100111111100
1101100111100011
0010110011011000
1101100010100011
0010001111101110
1110110011001011
0010110010011000
1110100100001001
0000111001010100
1101010010010100
0010000010101011
1101000110110010
0000001110011011
1101110100110101
0000110000011010
1101100000010011
0011000101111001
1101101000011101
0001111111101100
0000110001110010
0010010001100101
1101010011000111
0010110111011011
1101100011001110
0010001110110010
1101101000110101
0010001011001110
1110100110010101
0010101010010000
1110001011011001
0010110001010010
1100111100100100
0010011111110001
1101011010010000
0000101110101100
1110110010110100
0010101101111000
1101000001010000
0001110101011110
1101000110010011
0001111001001111
1101000111111000
0001111111110110
1110000110000110
0001000000110000
1101111110000000
0011010010111011
1100111011101000
0011011010001011
1110110010001110
0011001110001010
1110001001100011
0011010000101000
1101111000000001
0011011000001111
1110011000010110
0011010101110101
1101110001110011
0010000011110000
1101010100001011
0010111000001110
1110111111110111
0001110101110110
1110010111100011
0010110101101011
1110000010010111
