0001110000010110
1111001101101000
0010110100101000
1100101010111110
0010000010011011
1110000110011101
0001110110100101
1101000011100011
0010001001101100
1101000110111110
0010101110100011
1110011111110001
0010111000100000
1100111100010001
0000101110001111
1100100111100000
0010110011001010
1101101111000111
0011010101111001
1100110001101010
0010001000011010
1101111001000000
0001101101101000
1111110100000110
0000111000100011
1110000010010011
0001110110010110
1110001011010010
0000000110101111
1101001100000001
0010110011111000
1110001111011111
0010111101001011
1110001010101110
0001100110110010
1111000101010110
0010101101110001
1101100001111111
0011000011011001
1111010001111100
0001100001101101
1101110111111000
0001100001010000
1100110000011110
0001001011110100
1110001110001000
0011001011010101
1100111000001110
0010110111100001
1100110011101011
0010110010001111
1110111001000111
0001100110110101
1100101110110100
0001000111011011
1110001100111001
0001101100110111
1101110101111101
0010100111110010
1110010010110000
0000110001000000
1110010110110011
0010011100101000
1100111011011111
0010100111111011
1101001000000111
0011001111001111
1110110011101010
0001101000111110
1100111110001010
1111001011011100
1100111110011110
0010110010001001
1101000111010101
1111100000100001
1101101000101011
0001111010011101
1101110010101010
0011000000111011
1101111011101001
0000011100000111
1101100000000101
0010001111011101
1110010101001101
0010001111001001
1101011100110101
0010011101110111
1101000001100110
0011010100100011
1110101110101011
0011010100111110
0000010000101001
0010101000010010
1110011000110111
0011100010110010
1101011111010101
0010001110011110
1100111010101110
0010110100010110
1100101111111011
1110001101011101
1100111100111101
0001101000100001
1100101111100101
1110111110011110
1101000101001000
1111011000010010
1110000000000001
0010001001001101
1110011011001001
0010011011111000
1101100110000101
0010111110010110
1100101010000000
0011000010010110
1110101101111100
0010010000111100
1110000110100001
0011000000100101
1101101111101001
0010100110100011
1101100110110111
0010110000000110
1110001100111011
0010111010110111
0001011111010100
0011000001011010
1110111010000100
0011000101011110
1101000100110011
0010101001101011
1101001010011111
0001000000100000
1100011100011101
0001101110110010
1101110111011001
0000101110110000
1101010110001000
0010001011110011
1101010000010001
0011000010111000
1100101010100000
0001001100111010
1101101011111100
0011000101010011
1100011110101100
0001111110000010
1110001111000011
0001100000001100
1110000101010110
0011001110000111
1110100111011111
0010001100111000
1110111101111010
0010110111001111
0001011001010110
0011011101111111
1101001110101101
0011011001011000
1101100111010001
0010010000101101
1100111011111111
0010111011000000
1111100001111101
0010101001111011
1110011100111010
0001100010010011
1100110011100001
0010101010100100
1101000011001001
0010010110110010
1101111001000010
0010001111001111
1100111011101001
0011000110010000
1110000011011110
0010010110110011
1101101010001011
0011001001111101
1101100100100001
0011000000000001
1101100111111100
0010001111000110
0000100000000101
0001100111001010
1101111011001101
0001100110000100
1111000000101001
0001111010000111
1101111101001101
0011001000100011
1101110110000111
0000100101111111
1101001001011011
0001101010010100
1100100110101010
0010000011101011
1101010101100110
0011001110001101
1100100000100111
0000101010100000
1101111001000000
0010010111001000
1101001011011000
0011011010111100
1111001100101011
0010001010101001
1101101000110100
0011001011101111
1110011101101001
1111100001000110
1110000000101001
1111000110011001
1101101001100000
1111100101101011
1100111001001100
0010101011101110
1101001000100000
0011011100001111
1110001111000010
0001011100101111
1101001000011011
0010111001111010
1101010110010000
0011000000101110
1110110100111110
0010110000011101
1110111011001011
0010011001010010
1101100010011010
0001100001011000
0001101011011101
0011001111111001
1101100010010100
0010101011011110
1110011000000110
0011011011110101
1110010000100000
1111001110000011
1100100110101111
0010001101000110
1101111110111100
0001101111010101
0010000000000001
0011011110000111
1110101010010011
0010001111111001
1101110101101011
0010011100111000
1100100001111001
0000110001111000
1100110010010001
0001010100010110
1100110000101001
0010011110010010
1100110011101110
1111001111010011
0000101100000001
0011011100100111
1101101110100100
0010110010010010
0001010000000010
0011010000101100
0010010100001010
0011101000110011
1101110101011010
0011001000000000
1101001100011011
0001101110111000
0001100101110010
0011111010111101
0010111111101001
0011101111111111
0010100111111000
0011001110000111
1111110010101111
0011001110100101
1101000100011001
0000101010001101
1101101101101110
0001101011010011
1110011110011011
0001111110010101
1101101101011111
0000110001110001
1101010001000001
0010100100010101
0010001100111011
0011011111001101
0001110000110110
0011100011100111
0001101010010110
0010010111111001
1101110111001010
0010000100011101
1101010111111110
0001101000011111
0001010001001001
0011100011101001
0010110000010011
0100000111110011
0010011011100111
0011100000110110
1110100110000011
0011001101101100
1100110100001111
0001110000101101
1101010011101000
0001101100001011
1101111111101111
0000111001110001
1101011011101000
0010100111011111
1110110101100000
0011111101110011
1111000111111101
0010111010000100
1111100010001101
0010000101100001
1110011010010000
0000101100010011
1100011100000011
1101111101000110
1100110011011100
1111101111001110
1101110111010100
0010100110010101
0001010101100000
0011010111010110
0010000010110101
0100000111001101
0010101001101000
0010111100010101
1100110110001000
0011011000001101
1111001000011011
0011000010000100
1110011000000000
0010111000110100
1100100100111001
0010110001101110
1101110010111110
0011010011100100
0000110101101110
1111010101011101
1101000010101111
1110100111101010
1100110111010111
1110100000011001
1100010101001011
1100111110101010
1011111111010000
0010111110011100
1100111010101000
0001101100000011
0001000100010011
0011100111010110
0010000001111001
0011100111010111
0010110001000101
0011010010010011
1101001011011111
0001101001101001
1100110001111111
0011001001001111
1110111011011001
0011010100111110
1101011010000100
0010001000010011
1110010001010100
0011000010101000
1100101101011100
1110111111000010
1100100001011101
1100111010111111
1100100000101101
1101101000011001
1100001011000100
0000100011010010
1100100111000100
1110011000100010
1100010100100001
1111101011101001
1110011011111011
0010100010101001
1101100000010101
0011000011010101
0001110111110000
0011010010101010
1101110010011111
0001101010011101
1110110110000000
0010010101110000
1110001010101101
0011011001011011
1110001010100100
0010000011010001
1101010101111111
0011100010011011
1101011000011110
0000100101101000
1100101011001001
1101111101111010
1011111111100010
1110001111100111
1100100110100001
0001110101100100
1101001101101011
0010000000001000
1100101100100010
0001100010101111
1100011011001100
0001110010010100
1101111111010111
1110011111001011
1110010011001111
0001111110000111
1110011001011101
0010110000101101
1101001000111010
0011010110000100
1101000001001110
0011000011001000
1101100101011010
0011100001011101
1110000100101000
0011101111001100
1110101101110010
0010111000000101
1100110001010011
1101111111110100
1101001001010101
0011000110101000
1100101100001100
1111001101000010
1110010111000011
0010101010111110
1111011100011111
0001001100010110
1100010110000000
1110000101001001
1100000100000000
0001100001100010
1110010011010111
0011001111010101
1101100000100101
0011001011101101
1100111011010001
0000110011111000
1110000110100100
0010000111000010
1110101110000001
0001001011110000
0001110111100010
0011011001011001
0011011011000100
0010101010110100
0001101100000100
0010100000100101
1101011001011001
0010110000001110
1100101110011010
0010001110010011
1101101111010111
0010111010101010
0001011011101011
0001111100110100
1101000000000100
0000011100001110
1100111110110000
0001101111100000
1100111111100001
0011100111011010
1111001101010010
0001110000100101
1101100101001111
0011011000000001
1100101110100101
0001101000010010
1110011101001101
0001110111001111
1110001010110101
0010101010001101
0010110001111110
0100001001110101
0001111101111101
0011011000001010
1110101111101010
0011100011100011
1110001011111001
0010001010110000
1110101000100010
0010010100001000
1110001111111010
0001111000101100
1110000010101001
0001101110101101
1101000001000111
1101110110110101
0000101110010111
0011100111111001
1110001101100000
0001110001001111
1110000101101000
0011010011110000
1110000111110011
0011000011110101
1100010000011100
0000110100110100
0001010100001011
0011111001111111
0001101101001011
0100000110001101
0011011010111110
0100010001100100
0010100010101010
0100001010011111
1111001101110000
0011011010110100
1111100000101100
0010001000000000
1110001001010001
0010101111100001
1101001111110110
0001101110000110
1100101001011111
0010110010010001
0010010111101001
0011010001001010
1101101011011010
0010001001111011
1100111010010010
0010011000011101
1101101010111000
0000100001101100
1100110111110001
0010010011101110
0000111111101010
0010101111101011
1110000000101000
0010110010011000
0001110111011111
0011101000101101
0011010001111100
0011011001000001
1110000000010011
0011001110100000
1101000100100110
0010010000010100
1100111000010010
1110010000101101
1100110001011000
0001110001000110
1101100000000010
0010100011011100
0000111011000011
0011101111000010
0001100001011011
0011000100011010
1100101111100010
0011001110100010
1111101010000010
0010100111110100
1101000000011011
0000110000010100
1100110110101001
0011000011110011
1110000001110011
0011010011010000
0001011010101100
0010101001110011
0001111010110011
0010010000111101
1101100001101001
1111001011100011
1101001000110111
0001100111000111
1110011101000001
0001100101100111
1101010001100101
0011000001000111
1110001110111001
0011110111111110
0001100011001100
0011010000101111
1100111011111000
0000111101100010
1111100101100111
0000010110010010
1100111100011111
0011001000111111
1100011001100100
0001111010111111
1101001101000010
0001101010100000
1111000111100110
0001110111011011
1110011101010110
0001100100101001
1110001100000100
0000101001011110
1101000001110101
1110100101111000
1101010011010101
1110011011011011
1100101111001100
1110001011111000
1101110011100101
0010010000001111
1101001010011001
0011011111001110
1110101110110001
0011010101111001
0000110110001010
0011010101001111
1100101000111100
0011011000101110
1111100010011010
0011010100011100
1110010011100011
0010010100110100
1100100111100000
0010111101110010
1110000001011100
0001110000010000
1110001011110010
0000110110111011
1100100100101000
0010000001011010
1110100111011010
0001100010011011
1110000100100011
0010011111100000
1100101111110111
1101111111000111
1110000101110010
0010110111010001
1110100110011101
0011010100010011
1110111101110001
0010110010110000
1100111010111111
0011010101100110
1111001111100010
0011001101011110
1100101100101100
1111100011001101
1100100000101100
0010101110101101
1100010011111010
0010111001011111
1100111100000111
0010100010011100
1100100101000101
1110110111110010
1101011100001101
0011010110010010
1101011111111100
0011000010101100
0001010111010110
0001010110010010
1101001001001001
0001000010011010
1110001111110111
0010110100111010
1101111100011101
0010000001110010
1101110001101001
0011100001100101
1101000110010111
0000101000010100
1101110011011011
0010011110101101
1111010001110010
0010010011001101
1101101000011111
0011000111101111
1100110100111010
1111000001110101
1100001111100100
0001001110011111
1100111100110001
1110101111001111
1100101010000010
0010011010101010
1100101101011000
0011001010011010
1100101110111111
0011000000100111
1100100000000111
0011000000011010
1110101111010100
0010001111001011
1110011010111100
0001101110000010
1110111101011010
0011001101011110
1110001000110110
0011001010010110
1100110011011010
0011011001001001
1100101111010111
0001110000010110
1101011111111010
0011010000101011
1100110111110010
0011001010100110
1100100100101011
0000111111001110
1101111110001101
0010000111100110
1100011100000111
0000101000001101
1101011011010001
0000110110110110
1111011000001001
0010011111001101
1100110110100000
0011011001101111
1111001000101001
0011010011001100
1101001100100111
0001101001110001
1110011010111110
0000010001111000
1101111101110011
0010000100110010
1100110010010000
0010111001100011
1110011001110000
0011000000110000
1101000111011110
0001001000110001
1111100010100111
0001100011101010
1111001001011011
0011000101011100
1110111001111010
0011011000000011
0000101101100100
0010010011110101
1101101010110000
0011011111011110
1110011110010100
0010100010110011
1101001000100111
0011001010000100
1101011111001000
0011000100110100
1101101001111010
0011000111001000
1101011111010101
0001100100011011
1111110000001000
0011000011010110
1110011010101010
0010000011001011
1110101111100000
0000111011010011
1111001100111100
0001111110100000
1100111000010110
0011000001000010
1101101101001110
0011001001000011
1100101110101100
0010011110000001
1101011100011101
0000110001010101
1101101110111100
0010101101110101
1110001101110111
0001111001100100
1110001100100111
0011001110111010
1101011111010001
0001100010110110
1101100011100101
0001100000001100
1100110001011000
0000101110001100
1100101010010010
0010001011011100
1110010100000010
