0011001011010010
1101111001010101
0011000110001011
1100111000011101
0011010001101100
1110011100100110
0001111100000101
1100111011001011
0001110001110010
1101011100101111
0010010101100011
1101001111010100
0010000010100100
1101100101001101
0011010101011010
1100101101111111
0010110001111011
1100111111101111
0001010010110000
1101010011001111
0000011011101100
1110010100011110
0001010001001100
1100110111111101
0001011000001010
1101111000001010
0001001110100001
1110111001000000
0011011001100000
1110011000111001
0010011011111011
1100110100110100
0010101101110010
1110001010111101
0010110010010001
1101100010011000
0010011001011010
1100101001010111
0001110101101001
1100111011010010
0010100010010101
1100111100000011
0010000110111010
1100110000101011
0001110011001000
1110000001110111
0011001000100101
1100101110100100
0000111100111001
1100101011110110
0010011110011010
1111000001001011
0001100010011100
1101001001001010
0011001111110001
1110000001011111
0000110111000000
1111100001101001
0010010010000001
1111001001011001
0001101011000011
1100101001011100
0011010010010111
1100110111010100
0001111010110110
1101101011110000
0010011001011111
1101001100001000
0010101010000000
1101011101110000
0010110001000011
0000111000110010
0010011000010101
1100110010001111
0011011110110100
1101011111000011
0010001101101111
1101010110010111
0011000000011001
1110000111111011
0010111111011100
1110100100111110
0010001110110111
1100110001001001
0011001010010011
1110000100110011
0001101000101110
1100110000000101
0001111111000101
1101001000110001
0011010111100011
1101011111001101
0011000010101101
1101001011011011
0010111110010110
1101011111001010
0011000101111100
1110000110101101
0011110111101100
1110101011111100
0011101100000100
0010011011101010
0100001001111101
1110011010110110
0010111001110101
1101100000011110
0011001011101010
1110000011001111
0010110100100010
1110001101111001
0011000110011011
1110001000111010
0010010000000111
1110010111011111
0001100001010101
1110001110100011
0010011111111011
1101110101010100
0001010011011000
1100101110110101
0001001000010101
1111001001101100
0010011010110010
1100111011110010
0011000111100110
1100100101001110
0010110110010101
1101100111110100
0010111101111110
1101111001100101
0001111011110010
1111000011111011
0011000000011100
1110101000111010
0000110111000000
1100111100000111
0001001000010110
1100110110100111
0001011010110001
1100111101001111
0000111010101110
1100101010111000
0000110011000010
1101011101101001
0001001001011111
1110001100001101
0010110101010011
1100111011110001
0010001000101000
1100100111001101
0001111110101101
1100100110000000
1101111100101000
1100111010011110
1110100011101101
1100100010001011
1100110100011110
1100011101010111
1101111001110011
1100010011001001
0010000110001000
1100110001110010
1110000011010100
1101100110000110
0011000101101011
1110001000010100
0011001101100010
1110110011000010
0011011001011010
1111001001000011
0011001110001111
1111001111101011
1111010100000011
1100101010000011
0010001000011010
1110010011011011
1111011011100100
1101100011100101
0010110101010010
1101000001011011
0001101010101110
1101010001011011
0010000100011000
1101101111101101
0010001001000111
1100111101011011
1111001111010110
1100110100000010
1111001001010111
1100001010100011
1111010100110111
1011111110011110
0001001111011010
1100101011010101
1111010010101000
1100111100110111
0011001010101010
1100101100001100
0011010010010010
1100110011101100
0011001111101100
1100110100010001
0010110000001011
1100011010001110
0010011000000111
1101001100101001
0001100111110111
1101010010100110
0010111110010100
0001101011111010
0011101011111100
0010001101000001
0011001010101001
1100111111110111
0000101100001100
1100101111001111
1110001011011101
1101110100011111
1110000100010000
1100100000011010
1101101010000110
1100011000110111
0001111001101000
1100100110011001
0001110010001100
1101011101011101
0011000010010010
1110111010110111
0010001100010101
1100111001101101
0010111000100011
1101100010100001
0001101110100110
1101011010100110
0010001001001111
1111001010100110
0010100110111000
1111010101010011
0100001010001111
0001100101000111
0010110000101110
1100111101011100
1110110011010101
1100110010111110
0010000001100011
1101111101000001
0000001010001110
1100110101001100
1101111100100000
1100000111100000
0010010000010101
1101001000101110
0001111110010110
1110011110111010
0010101111111011
1101010010111011
0010111100110100
1101001011010011
0010000101000011
1110011101001010
0011011101010101
1101110011000010
0010111010011110
1110011100111011
0011001101100001
0001110111011100
0011111010111101
0001001111001010
0011000010111100
1101100110100111
1101110001000010
1101000001001010
0010000001100001
1101100011011000
0001111101010010
1100101110100001
1111100111001100
1100101100010101
0001001101001000
1110011101001000
0011011000100011
0000001110111010
0011000111000010
1110000101000001
0000111010010011
1101100111100101
0011000100010101
1101010110111111
0011010011001001
0001100111000001
0010100011111110
1110001111010111
0010110100101011
1110000010001001
0011111110010010
1111001100100101
0011000111110101
1101011001001111
0010001101111000
1101101001111101
0001111101001111
1101110111000101
0011010100110000
1100010110100000
1110110111101010
1100100100111110
0000011111101011
1110001110101010
0011001101110100
1101101010111101
0010001100101110
1100110111000000
0010001000111110
1110011011110101
0010000100111010
1111011001000000
0011101001111110
0010000011110101
0010111000100111
1110111000101010
0011000010000000
1100110100100100
0001100010111110
0001010001011100
0010101100111001
0001000101000111
0010110011011110
0000111101001000
0010111010001010
0000110010101101
0011110000000101
1101100001001001
0010101001101111
1100100000111001
0010000010000111
1110000010001101
0010000110101010
1101001010110100
0010100111011111
1110010101111010
0001101110110010
0000110010010100
0010011011100100
0001000011000011
0011000000001101
1110111000000111
0010000101010101
1110010010010011
1101111001111110
1011111000111111
0001111110100100
1101111101011100
0011000101011110
1110011101011001
0011100010110110
0010001111001110
0011101100101000
0000011101100011
0011001001110011
0000000011011010
0010000110110011
1101010110011011
0011000011001111
1101110111110110
0001101011110010
1110000101000010
0010111110000110
1101010000101101
0011011101011010
1110010111110001
0011111010111001
0001011100110111
0010000111001010
0001100000101111
0010000100100100
1100011110011010
1101001111011001
1100001010100010
0010101111100111
1110000100101100
0010001010100100
1111000010111010
0011111100100011
0000011010101100
0010111010111110
1110111000011101
0011110001100111
0001100011011001
0001011011111101
1101110110001101
0001101001001101
1101001000110011
0011001000100000
1110101110011000
0000100110010001
0000100100110010
0010010011110000
1101000110110110
0011001001010100
1110000011100001
1110111101111000
1101100110100101
0001001000111101
1100001111001001
1101110011111010
1100101101111110
0010001110000000
1110001101100101
0011001000001100
0010111101010001
0011010010110110
0001110111100100
0011011100001110
1111001111101011
0010101110100101
1101111010001010
0001011100100100
1111001001011011
0011001110100011
1110100011011011
0010010111100100
1110010111101001
0011000111011111
1110000110110100
0010000101110011
1100111110100110
0010101110100011
1101100100001111
0010101111111100
0001110100000110
0010100011010111
1100111011010110
0001110111100001
1100111011100100
0001110100111101
0001101011101011
0011010000010111
0001100000010010
0011011001001101
1110110101000100
0011010100000001
1110111010100111
0010100011001001
1110111000100110
0010001100111100
1101101111111110
0001011011011100
1101110110110111
0010100000101111
1110100111110101
0010100010000001
1111000101110110
0001110111011101
1110001100000111
0001110100111011
1100111100001110
0001100010001100
1110000010100111
0010111111101111
1101000111001000
0010101011010000
1100111110000000
0010110001110110
0001111011111010
0011011111101111
0001111001100110
0011001011010100
1101101010001011
0010111010001100
1110000111110110
0010010100110110
1110010000111000
0010000100010001
1100111010100101
0010111111101001
1101000001111010
0001010110110011
1111001111011001
0000110011110000
1100110111100111
1111110010011001
1100111011110111
0010100101001011
1101101001001110
0001100110010000
0001100010100100
0010001011011000
1101110011110110
0010101011010010
1101010000111001
0010111000110001
0001100101100000
0010011110101101
1101011011110101
0001110011000000
1110011110001110
0011000100100000
1111101001101001
1111000011110001
1101011101101101
0011001101110100
1101000000010000
0011001010111001
1110011010010101
0010000111010111
1100111111101110
0011001010000000
1100111101101110
0010010000000110
1100001111101111
1101111101010111
1100000110001001
0001001010011010
1101010001000110
0011000110000010
1110110010101011
0011010000000010
1101110110100111
0011101101011010
1110011001101011
0001010011101000
1100011110000111
0010101110010010
1110001001111011
0010011101110111
1101001011000100
0001111000111100
1100101011100010
0010110111001010
1100110011111011
0001101001111000
1101010010000111
0010010100010101
1110100100010001
0011000011010101
1100100000111000
0010001011110110
1100000101100100
1101010001010001
1100000101111100
1110101111100111
1100110100111110
0010110001011101
1110111010100101
0010100011111101
0011000101000000
0011001111000000
1110001101011101
0010001001100111
1100110111011010
1110000000010001
1100110010111000
0001001001010011
1110001000010011
0010000000111101
1101010000001010
0010100010001101
1101101000100010
0001001111101100
1101110101010111
0001101100010001
1101110111010110
1111010001011110
1100110000110101
0000110101010011
1011111000111011
1101110011101111
1100000000010000
1101000111011010
1011101100110101
1110001011011101
1111010010011100
0011010010110110
0001111001000100
0011001101111011
0001111011100010
0010011000111001
1100110000000011
0001001110010111
1100100011110101
1110100110010100
1100000101000010
0010000001010101
1100001110001111
0011000110110111
1100111011010011
0001111011000100
1101011111110100
0001100111010010
1101101010101000
0011001110011000
1101010000100101
0010010010101111
1011111011000000
1101100011110011
1100001000110110
1101111101110110
1100000100100110
0001100110000101
1101011101110110
0011000000011001
1110000000111011
0010010100011110
1110111100110101
0001110110100111
1101011011111111
1111000010111110
1100011110001110
1101101101010000
1100101100101010
0001100100101001
1100011010000001
0001101010000010
1101010101100100
0011001101101011
1110111000101010
0010000010111101
1110011100010110
0010101001001110
1100111110101110
0010000111001011
1100101010100001
1110000011111000
1100111101000110
1110100111001011
1100110101101111
1100111010000111
1100101011101111
1101110101011011
1100011000010111
0000111100011111
1100100101100011
0001001011000110
1100001011011100
1100110100111110
1100000010001001
1100111111001111
1100001001100100
0001110110110010
1100100101100110
0001101010000000
1110001000101110
0011001111011001
1101111110011010
0011010000100110
1100111101000001
0010001011111111
1110000010111011
0011001100001100
1110100101000010
0011001010001110
1101110000111010
0010010011111100
1100001001001111
1101001111000001
1011111011001111
1100010111011010
1011101110100001
1100101000010111
1011111110111001
1100100110101001
1100010110110111
1110010011001101
1100101000101111
1101010001000001
1101101000101101
0010001001001100
1101010000001101
0011011000100000
1110101111000000
0010101111001111
1111000110101110
0010000110100100
1101100111000011
0010001100011110
1110001001111111
0001110001011010
1100111111111011
0011001100100001
0001011000100111
0001101001110010
1110000111000000
0010101110100101
1100110010111100
1111100010011110
1100011101110011
1110001000110101
1101100101011111
1110111000111011
1101100000100010
0010000000111001
1101001010000000
0010111101010100
1101001111101010
0010010110010001
0000001101111000
0011000111110010
1100110101111010
0010111100001100
1101000101110011
0011010001000001
1110000111111011
0011000010001010
1110001001011101
0011001000001101
1111100111101100
0011000000101001
0001101001000001
0010111111110010
0001111110101010
0010111001011100
0001100001000100
0011000101010000
0001001110011011
0011000101111111
1101111110101001
0010110101010001
0001001111111101
0011011011100011
0000100111010011
0011000000000000
0000011011010010
0011000010110000
1101101111010111
0011001000110011
1100101100110100
0010011101010101
1101010111101010
0011000001010111
1110010111101001
0001101111010110
1101001110110110
0010011001001101
1111110011010011
0011011100010101
1110011010111111
0010001111111010
1110001101111011
0010110011011001
0001000100110010
0011101101001101
0001000111001101
0011100000111011
0010011011010100
0011110001110110
0001111010001010
0011000000000111
1101101110001110
0010000100110010
1101011000110110
0000110110111100
1100110111111000
0011001100100000
1101010100010110
0001111001100111
1101001000010011
0010011110011010
1100110100000001
0001101100110110
1110010010000101
0000111010010001
1101100011110011
0011001111101101
1101010010100101
0010011111011111
1100110110100111
0011010101011000
1100111110111011
0010000010100010
1110001001111001
0001001110111001
0000110010011111
0000110010101100
1101110100001000
0001111110011101
1101000111001011
0011001010010001
1101101101001010
0010011010001100
1111001111000111
0001100010001110
1101101001010101
0011010010101111
1111010000111001
