0011010101001111
1100101010001100
0001110000010100
1110010101010010
0010000001110100
1100111111100111
0011010110101001
1100101100011110
0011000010110001
1101001011010101
0010100001010101
1100111110011110
0010110011110010
1101000010011001
0000111000001110
1111010100110001
0010010100110110
1110101011000011
0010000001010011
1110000111101111
0010101101100110
1101100111111000
0011000101110111
1101000101000001
0010100100001000
1100111101101100
0010111010011010
1100101000011110
0001001010101110
1110110000010010
0001111010100111
1111000110110000
0001000000100101
1101010101000110
0001110111010101
1101101101110111
0001111000011101
1110001110100001
0010000101110110
1111001010001100
0011010010111110
1100101100010010
0011000110111000
1101011000010001
0010110000100110
1100110010000110
0010101101001000
1110111001010000
0000010011011001
1100101000101011
0010001011110000
1101010001000110
0010010011101100
1110011011111001
0001110110101100
1111011101100010
0011010100011000
1100100111011101
0000001011110001
1111001010001101
0001001011011000
1110000100110111
0001001110110101
1110011001101010
0011010001001010
1101101101001101
0010110011001111
1110010001110010
0010111011001010
1110111111101001
0001110001110001
1101000101100100
0011010011100011
1110100100110111
0001011111011100
1101000101001110
0011010001000001
1100110011001111
0011000001011010
1100101001110001
0011000111101101
1110100110101100
0010100111111001
1110001111110111
0010000000011111
1100110000101110
0001111001101110
1110001110111100
0011001110001111
1110001010010111
0001111111110101
1100100101011100
0010100110011001
1101011011000001
0001000011111001
1101000100000111
0011001000111100
1100100100000111
0010111111000111
1100111010100000
0011000010100010
1101110100010110
0000100011110010
1100010101101100
0000110111100001
1101011001011101
0010011010000010
1110011001111011
0001110010110011
1110000101100111
0001000110000001
1110101111011101
0010010001101000
1101000101001101
0010001101011000
1100111001011010
0010100111000100
1101000001100000
0000110101101011
1101100101100001
0011001010011101
1101000001010111
0001011100100111
1100110000100000
0011001000010100
1101001011110100
0001111001101011
1100111000010110
0010100101001010
1100100000010101
0010000111000001
1101100101010000
0000111100011001
1100110010000100
0010001001000110
1110001010011110
0001110010100111
1100100010010100
0010000101110011
1101000100010100
0001101100101100
1101100100110111
0011001100011101
1101000110101101
0001100010001111
1110010010110101
0010001100101000
1100101011111111
0010110011011010
1100100100101000
1110001101111000
1100001000011100
1110001010110111
1101001111100111
0011000010010100
0000001010111111
0000101001000000
1100101000101110
0010011110000100
1100011110101000
0010010110010001
1101001011101010
0001110110100011
1101000011001110
0010000110001010
1100111110010010
0000010101011100
1100111100011011
0010101110000101
1101110100101010
0010001111001100
1100110010011111
0011010010111111
1110000000011101
0010010000011000
1110000011100001
0001000110101111
1101010111110011
0001011110101011
1100010011010111
1111001101001010
1101101000001101
1111011000011010
1100001011000011
0001001110100000
1100010011100000
0010001010000101
1110000111000101
0001110110100100
1100100100011101
0011000110111101
1110001110111111
0010010011000011
1110011100100000
0000110110101101
1100110001100111
0011000100110110
1111000010100001
0010101111010110
1101111010011101
0010010100011110
1110100001101011
0001001011000101
1101000100101110
1111111000000101
1100010000100011
1111011111001111
1011111010100111
0000100111101011
1100011011101101
1110000010011010
1100101000110001
1111001000011101
1100101010100011
0000111111001111
1101110101101111
0001111011011001
1110000110010001
0010000111001110
0001001001001001
0010000111101001
1110110001110010
0010001001100011
1100110111100101
0001101011101101
1101101101011100
0010111001000001
1111100000010001
0010010110111111
1101111101100001
0001101110100100
1110010000110110
0001001010010110
1100101000010001
0000110000000001
1100001111111110
1110000000101010
1011111111010100
0001110010010101
1101110000110100
0010101010010100
1101011011010111
0001010100011001
1100110111001110
0010010011000001
1110101011111100
0010001100110010
1101000101101000
0011011001001101
1101100110011111
0011010111010111
1110010110001101
0010110110111111
1110000001001001
0000100011100100
1100101100110000
0011000010111000
1100111010100101
0011001010001100
1101101110011110
1110101100011000
1101010011011001
1111010001100100
1100101010010001
1101001100001000
1100111100011111
0010010011010000
0001001010110100
0100000000010100
1110011011001011
0011011101100101
0000011001011011
0010000110111010
1101010011011011
0001111110110011
1100110111010100
0010001101100101
1110001000111111
0011000010000111
1110001110000101
0011010101111000
1101001100000011
0010011001111100
1101001101001111
0011010111110101
1101011011010011
0010010010100101
1100110000010101
0001010101010010
1101001101110101
1110100110000110
1101010101110000
0010110010000111
1101111000111000
0011101110111010
1111010011011111
0011010110010000
1101101011000000
0001111000010010
0000010110010101
0001111101011101
1110110001101000
0001101111111110
1100110100010000
0001010100110010
1101111100011110
0011001010010100
1101110010001100
0011010010101011
1101101100000000
0011000000010001
1100110001001001
0001000100101101
1110010110011101
0010010001011000
1110011000011111
0010111000100111
1110111000000111
0011001100010110
1110011001100101
0010010010101010
0001101100101101
0011011100100110
0010000101101011
0011010010001111
1110011011111011
0000100110100000
1100111011101101
0010010111110000
1100111110010010
0011000100111101
1101111110100010
0010111000110000
1111000111000000
0010000010000000
1100111111100000
0010110010110010
1110111001101011
0001010101110101
1101011011011000
0010100100110010
1100110000001100
0010000110001101
1100111010111101
0001000100001110
1100110010000101
0011000100111110
1100101100010111
0001111010000001
1110011101011100
0011111010110100
1111001011111101
0011001110100011
1101100000011111
0010111001101010
1101011100001011
0000101001010100
1110010000011110
1111010110001000
1110000011011010
0010011101111010
1100101110100110
0010110000111100
1110010110100001
0000100011101100
1100100111000100
0011010101000101
1101001010001101
0000111101110111
1110110101000110
0001011100110111
1101001010000110
0011011110111000
1101011100111010
0001110010100010
1110110110011100
0011011100010101
0001110000001000
0011101011100001
1110100101000011
0011001011110100
1100101001010011
1110101000001011
1100011110101001
1110011110000011
1110010000101101
0011000011000101
1101011101110000
0000111011010000
1100101011001111
0011000001110001
1101000010101101
0011000110101101
1101110101011011
0011010011001101
1100110111001010
0010001000001001
1100101111010101
0010001100010110
1101100101010011
0011011001000010
1100110100011000
0000100011110000
1100110110110101
0010110110001100
0000110000011001
0001111110001111
0001000001111011
0010100110110001
1100101100001010
0001111101110001
1100110101001000
0010101000010110
1100101111010101
0001001100000111
1100101001110111
0011001101101101
1111011001100001
0010001011011101
1111101110101100
0011010011010101
1110011101100000
0010111101110101
1100111111010010
0010101010010000
1101000110100001
0010001111010011
1111000100011011
0001111001000100
1110011110000111
0010000000100110
1101101000011111
0011001101011101
1110000111001100
0010100111101001
1111010011110101
1111100110001111
1101101110001110
1110000000000111
1100010101101001
0001101101001111
1100110010110111
0010000010101100
1110011001010110
0010101011011011
1101010111000001
0001001001111010
1101101000011011
0010101010000011
1101011011001011
0010010110111011
1101100001001101
0011000001100101
1110010111000011
0000111101111101
1101000100110010
0010100001111100
1100011101100010
0001001011010110
1101011000011011
0011000001000100
1101110100100000
0011010111000010
1100111101100100
0010000111000111
1101100001110101
0001110101100000
1100100111001100
0010011101111001
1100110000001111
0010101111001101
1110100111001000
0010100011011100
1110100101111011
0001110011000110
1110011001010001
0010111001011111
1101110101010001
0010111101000000
1110001100110111
0011010100110000
1110010101100100
0010011111010010
1100101010010101
0001001011000010
1110110110001010
1111000110000001
1110000110110001
0011000100110100
1111101000110000
0011000001011100
1100110011001111
0000111010000011
1100110100011100
1110100110000110
1100011011100111
0010001111010110
1100101100100110
0010111011101101
1101110101000101
0010100000011010
1101100001001110
0010001110011111
1110011011000010
0010101000111111
1100111110110110
0010001001111010
1110001011011111
0001000110010100
1110000101101110
0001100111000111
1110000011011111
0001010001011110
1110000011101010
0010011110100110
1100111010110010
0010110111001010
1110010001111011
0011011100100001
1101010100011011
1110011111111011
1100100111110001
0010001010101000
1100100110010000
0010111010000000
1100100001010101
0010111101101000
1101011000001000
0010110001001100
1101001100101000
0011001001010110
1110000111100000
0000111100010011
1110010000011001
0010011101010100
1101000011101011
0011001101100001
1100011000010100
0010110000010010
1110011010010100
0001001000000100
1101110010011110
0001111001100110
1110111001101111
0011101000000011
0010001001000100
0001000000111010
1101000010100110
1101100011000100
1101110000111011
1111010000000100
1100111011100011
0010000011110110
1110001101010110
0001011010001011
1101101000010111
1111010011011001
1110011101010010
0011001101001000
1100111110101000
0011000100010100
1101000011001000
0000110001000001
1100110010010011
0011001101110101
1101000100010000
0010000110010101
1100101111011001
0010101001010010
1101111011100010
0001001111100111
1101101100111010
0011100110000011
1110101100100001
1110000011100110
1100000111100010
1110110111110010
1101011110001011
0010011011000001
1100110110100011
1111001101000000
1101111101000101
1110111110101011
1100110110110011
0001101101011001
1101101110111110
0000111110100111
1110000110001100
0010101100010101
1100101010101101
0000110000110110
1101111000111110
0010100011010001
1110111101000110
0001110001110011
1101101111010101
0010110100000011
1101100111010101
0010100011001001
1110001010001010
1111100010111111
1100101111110111
0010001111100010
1101001111001110
1110000111000100
1100100000011101
0010010011110100
1100111101010110
0010111110000010
1100110001010101
1111000100101011
1110010111110101
0011001010101101
1110101111111101
0011001101011110
1110100110101101
0010101000000101
1100101101000110
0010010101110001
1110011011011100
0011001101010101
1101111010001011
0011000101010011
1110010101011111
0011001100110111
1101110000011010
1111001111010000
1101011000101001
0001000011001101
1100100011100000
0000101000010111
1100111010011100
0001100000110010
1101111000000111
0010100101000000
1101011100011000
0000111000111001
1101010011110000
0011000101010011
1110011000011011
0001011010110101
1100101111010100
0010000000000000
1111101001110100
0000110101101001
1110100011001111
0001011100110011
1101001011001001
0001011111011010
1101110001010000
0011011100001000
1101001100011011
0010001010001110
1110010011001010
0010010000110010
1100111010010100
0001001000000100
1100111110011000
0000111001011010
1101011011110010
0010000111100011
1101010011101011
0001011100111111
1100111011011000
0000011100110111
1100100101010101
0000101000101010
1110000110011010
0010011000011110
1100101101010010
0010011110110000
1101010010111111
0011001101110101
1100110110100100
0010101110110011
1100101011110001
0011011010101001
1101000111110000
0010111110001000
0000110010011000
0010000001101100
1100111111110010
1110010110011000
1100101000101001
0001111011100001
1101000011011001
0001101100000111
1100110010111011
0001000111101001
1100111111110101
0010010110111111
1101100001111001
0001111100110001
1100111011010010
0001101101010011
1101110011101011
0011000011111001
1110000110111001
0011000011001110
1110011111111011
0001101111110010
1110010100011010
0011000110100011
1110101110111100
0000111011010110
1101111010000110
0000100101001001
1111000010001100
0000111110001110
1100111010110000
1111010001001101
1100111000101011
1110010010100100
1101011111011111
1111000011001011
1100100010001000
0010100111001000
1100110101100101
0010110011111100
1100101010000000
0001111111001100
1110010110111100
0010010111111111
1101000001111111
0011011000111000
1100111111011101
0001010111101101
1100111111111000
0000101100000100
1100101110110111
0011010000001010
1110001001001101
0001010100000100
1101000110110111
0010001010000000
1110010011001001
0000110110100101
1101011011111011
0001101001100011
1110000100011110
0000011011011100
1101100100000011
0011000110111010
1110001101000101
0010011010110100
1110010111001110
0011010011010111
1110000001100101
0011010000111101
1101000110010000
0001110100001000
1110001110100000
0011010000110010
1100111010101010
0011011000101000
1100101111111111
0010011000100110
1110101100001100
0010101101000110
1101100000011001
0000110010000001
1101100101110010
0011001011001100
1110011100010000
0001100001001011
1110001101101111
0010001001111000
1110001111001111
0011000110010100
1101000110000100
0010100001111101
1100101100100100
0000111000101110
1101101100000100
0001000011010101
1101001000111010
0010110100011010
1111001000110100
0000011010000101
1101011011010111
0011000010001010
1110001000101000
0011001011000000
1101001101010100
