0010011111100101
1110010100011100
0010100011001111
1100111010011000
0001000011100100
1101011111000011
0011000101001101
1100110101001001
0010001110100000
1110011100010111
0000011000011101
1101010011100011
0010101001010101
1101110111011100
0010011001101110
1101011000010001
0010110010011011
1101011001000100
0001000010000000
1110011010100000
0000101000100000
1101101110101101
0011000100111011
1110001101010000
0010010001111001
1101101000111100
0001110110110011
1101010000100110
0010111010101110
1111001101000010
0011000011101010
1110011000111010
0001110101000011
1110001000101011
0011011001001011
1101111001001011
0011001100001010
1100111011001110
0001101001010111
1110001100011011
0011010110100110
1110010100100011
0011010000000010
1101011100101100
0010110100000010
1101111001011100
0001001111101110
1110001100110001
0011010110110000
1110010111001010
0010011000110000
1111110101001110
0010111010001001
1110010000100110
0001110011001011
1110101110010101
0011000011001111
1101010110000010
0011000100001000
1101110010000001
0010110011011101
1101100011101010
0010110101000101
1100101011110000
0011001001110110
1101001011110010
0001111100001010
1101000111010000
0010001010100101
1101011010100010
0011010110001011
1101111101011000
0011001001011111
1100110100011100
0011010100111111
1101101110010101
0001101100100111
1111000110111100
0011000010011111
1110011001001000
0001110101011001
1110010101011110
0001100111010011
1100101000001111
0010011001111100
1101100101100010
0001001010010101
1110010010110011
0001000010011110
1100110001010011
0010111011001011
1100111101101111
0010000110101001
1110000010111010
0010111010000001
1110011001001001
0011011000110000
1111110011111010
0011010001000011
1101111010001111
0010101100000010
1100110101010011
0011001000010000
1101111011000101
0010111111001011
1100111111000001
0011001011111011
1100101010001111
0011000111001101
1101010110011000
0001011110011111
1110111110110011
0011001010000101
1101111001011110
0000111001111000
1110000101000111
0011010000100000
1110011101111011
0010101000111001
1100100111100001
0000111011010100
1110010011110011
0011000011100111
1101110001110110
0010110000000011
1110001010010111
0011000111101011
1101100110010111
0010010001100110
1101011100111001
0000011101001101
0000001100000001
0010001101111100
1100111001100011
0010001001110000
1110110001101111
0010011100101010
1110010010101100
0001000000111011
1110001000010100
0011001011011110
1110010000010011
0010001000010011
1101001000000111
0010110110010000
1101101010110110
0011011001111001
1101011101100001
0010111100010011
1101011111000001
0010101000010101
1101000100101000
0011010010000111
1110110001010100
0010000010011000
1110001101010111
0011000101000010
1100110110101101
0001000110010111
1111000010010100
0010011000001110
1111101100111000
0001100101101000
1100110110101011
0011001100010111
1101011100111101
0000010110010000
1101111110101111
0011001000011100
1110111011100001
0010111000111101
1101001011011010
0010000010001110
1111000101000110
0001111010100011
0000001110001001
0010101110110100
1110010011111000
0010110100100111
1110110001010110
0011010111100011
0000101111010001
0011100110100001
1101011100010111
0010011011001000
1111000010001111
0001101101010110
1111000101110000
0001000010011110
1110100110010011
0001111110000101
1101110111101011
0001111010101110
1101110110000010
0001111111100101
1110100111110111
0011010111000101
1101111110101100
0010011101001111
1100111010000110
0010010011110110
1110011101110011
0010010010100101
1100111011011110
0001111110110011
1101001001001100
0011010010001010
1100111110101000
0001011111100010
1110010011101100
0001101010010010
1100111011000010
0010110111110111
0001000000100011
0011000101111001
0000110011100111
0001101100110100
1100111001010101
0001101100000100
1110110101010010
0001100010101111
1101111001101101
0010110110111011
1101101100101110
0011001010001010
1111100011010001
0010101111001111
1100111000011011
0010000100111010
1110110000001001
0010101110010001
1100111010101011
0010001101001100
0001000000010100
0011000011100111
1101100110110011
0011001111011111
1110000011111101
0010110100011111
1101010000111110
0011100010101001
1101111011011111
0011001110000101
1101101000010101
0010100100111100
1101110110001101
0010111000000001
1101010101011000
0010001100110110
1100111111011110
0011001010100001
1101011011100000
0001011010111111
1101101000111001
0000101000011011
1100101001001011
0010011111000010
1101010100011101
0011001010001000
1100110101101010
0011001110100111
1110010010001101
0011001010000000
1111110000011101
0010011001000000
1110011010110011
0011010100111111
0000110010111001
0011100001011001
1111001101110101
0011011101100010
1100110011001110
0011000001011000
1101000101111011
0010101011010010
1110110110110001
0001110001000001
1110101111000010
0011001000100011
1101001010010111
0011001111101011
1101001110110001
0001101000011101
1111100000011001
0001011100000001
1110011100000111
0000110010111010
1101010110101000
0011010011000010
1101000010101111
0010110010010100
1101011011011010
0001101111100000
1111000110110011
0011011001100111
1110000110100101
0011001000011001
1101110000011010
0011000001110100
1101010111001010
0011000111001101
1101100000100110
0010111001110110
1101111100111010
0010000000000000
1110011110011110
0010100100100000
1101010011100100
0001111100110001
1101111111011101
0001110000011010
1110011100011010
0000101110001100
1101110001000000
0001110011100110
1111000011011000
0011000101100000
1110011110110001
0011001101110111
1101101000101100
0001010110110000
1110101101101001
0010011010010110
0000011001001101
0010111101011100
0000001110100001
0011000101000101
1110010011000111
0010111100010110
1110001101101000
0000101111001000
1110000001000111
0011010011110101
1101001010110000
0011000101001110
1110001100101001
0011001011111001
1110000100101011
0011001111111001
1110011111101010
0011000000000001
1110101110010010
0010001010100010
1101000110010001
0010110111011110
1101011010100000
0011010010001101
1110010101101101
0011011000000101
1101110010111111
0011101001101011
1101000001100101
0011100000100101
1110101000000110
0001011000101101
1101100010101011
0010000110011010
1100111111001000
0011010101011101
0000011101001001
0001000100010101
1100101100011000
0010000011100010
1111011010100101
0010101010110000
1110101011001101
0001111000101001
1101110000101011
0010011001010000
1110011110010111
0010110101010110
1110101101011010
0010000111010011
0000111001100111
0011010110000000
1100110000100001
0011000010010100
1101100011110011
0010100111001000
1110001111101100
0010011001101001
1110100010000101
0010010011100001
1110001101100001
0010101011111100
1101110011001111
0011011000000111
1100101111000011
0001101000110000
1100110001000101
0011010011011100
1110000110110010
0011001001110110
1110001001001011
0001111110100010
1101110100111100
0010010101000010
1101001101101010
0011010000001100
1100110000110001
0011010010011100
1101111010010010
0001100100010001
1110110111100011
0010101011000011
1100111101101110
0010010001000001
0001010000110000
0011001110010010
1101110011100000
0010111110100101
1111010000100000
0011010100011110
1100101100011111
0010011011100010
1101110010001010
0010001110000110
1101110001110001
0010000101011111
1101001010111010
0001111010101100
1110000111001101
0011010111001010
1110101001111101
0010110011011010
1110001011000110
0010101101111010
1111100100000011
0011011100110010
1110000101000001
0001000111001100
1100111110010100
0011011100010111
0001000111000000
0010000000000010
1110101011011010
0001101110101110
1110011111101110
0010101110000010
1100111101011111
0011010101001100
1111001111101000
0011011001100110
1100111100001100
0000110110110101
1101101110111010
0001101011011100
1101101000010001
0011010000010001
1101001111010110
0001010011010001
1110010111111110
0011010110101101
1111000000001100
0010001011110010
1101100110010001
0010011111010010
1100110101001010
0011000010010010
1110001000010101
0010011000101010
1101110100001110
0010011111101100
1111101001010101
0011010100000010
1110011001111100
0011001001100011
1100111100001100
0011000011110001
1110101011101110
0011000011110110
1101011001100010
0001110001011111
1101000001101101
0010000011011110
1110000011111111
0001011001101000
1101010001010101
0011001001111000
1111001011101111
0001101100011010
1100101011110011
0001111110101000
1110111000001100
0001011110000100
1101011110101000
0011001100101100
1101110101111101
0010111110111000
1110100110011000
0011101011111000
1100111111111000
0001100011100100
1111000010100101
0010001001101111
1101000001010001
0010111011010111
1100101100111101
0011000010100010
1110001010011010
0001011010100001
1101101111101101
0011010000100101
1101110010100100
0001010111111111
1110001110101101
0011000100101110
1110000111001011
0011010000010001
1101011010001101
0010001101101100
1111000110010011
0010110000001100
1101011001001111
0010001011100000
1101011100101100
0010001110001011
0001010101001000
0010001100010101
1101001100111100
0010110011110101
0000110000101110
0011011100000000
1101110001000101
0010001000111011
1110110001001101
0010001001111000
1100101011101111
0001010010011001
1110111100110010
0001101101001000
1110001011110111
0010100010001010
1110101001111100
0011000000110011
1101000001110110
0010001100101010
1101101100000011
0000110111101100
1110001111101010
0001001101000101
1110000110001101
0010100011011000
1101100010011110
0001100101010011
1101011101100000
0010011001001100
1110101110000101
0011011010000100
1110000111111100
0010000010000110
1110001110110101
0010100111110010
1110110001101011
0011010100010001
1100110000100110
0001111011001110
1110000111010111
0011001011000111
1101101101100111
0010001010001100
1110111111111000
0011000011010001
1100101001110110
0001101011011001
1101101110111111
0010111011110111
1101010001001111
0011011010111100
1101001111111001
0011100001010000
0000111001011011
0001101000011101
1110010111110111
0011010000011001
0000110100011000
0010000001000111
1100110100111110
0010101001010001
1111011001111101
0010001110111101
1100111110010111
0010010111100111
1100101001001101
0011010001011111
1101110101010001
0011001101010010
1110010110000110
0011000001101101
1101000010100000
0010111100010011
1110101011010011
0011000110110100
1101110100010100
0001010000010011
1111110110101011
0011010111101100
1101000000101100
0011000101001001
1100111011000100
0010100101011110
1101100110100110
0011100011000110
1101111110001111
0001110001100001
1101101010001110
0011000010010001
1110001100000100
0010101100111000
1110101110100100
0010010011111000
0000000100110100
0011010001011110
1100101010110100
0011010110111100
1100110110101111
0010000010000011
1100110101011001
0000110010100000
1110111011100010
0010011111100101
1100111110010000
0001110100010101
1110001110000010
0001101010110010
1110001001111101
0010001101011100
1111011011010101
0001100110101000
0001000100011111
0011100111000000
1101110011001011
0011001011100111
1100110110010110
0001100010111001
1100111000111110
0010100011110101
1100111001001101
0001100110100100
1110110110001111
0011010110101011
1101000110110110
0001001010110110
1100110001100101
0010110000011010
1110111111110010
0010111100001100
1100100110110010
0011010101000001
1101000000011010
0001001111010010
1101110100111110
0010011110111011
1110001001111111
0011001011110100
1101010011000010
0011000101010010
1111101000111110
0011010000000011
1101000000101011
0001101111110001
1101000011101101
0010010111010111
1100110011110000
0011000000101101
1101011101011000
0011000101010010
1110010110111100
0010000100010010
1100100111111010
0001111110101111
1110000010000011
0010110110001110
1101101011110110
0001100111100111
1110001100100101
0010101001010011
1100110000101111
0001111000000011
1101101111001100
0010111100000000
1110000010111110
0011010111100110
1110111000111011
0011000001010110
1101000001011111
0011001011110001
1101111001110000
0011001110111110
1101011011100001
0001110111010100
0000001100100100
0010000110101111
1101000001011101
0011010100101110
1111000000011101
0001110001001111
1100111111101000
0001111001010111
1101001010111100
0010111101110100
1101000111111101
0011011001100001
1101111111001011
0001010010110011
1110011000111110
0010110100010010
1101000010111000
0001010001000110
1100101101000110
0001100001101000
1100111001100111
0001111000011010
1110110110111100
0011010100111011
1111100000000101
0011001100010000
1100111110000100
0010011000101101
1101001010000011
0010000100001111
1100111101001110
0010111111110110
1100111010011111
0010001111111001
1101001001010101
0011001101011111
1100111111100001
0010000100010000
1110011110111010
0010000010110110
1111000010010010
0011001100100100
1101111101010110
0010001111101111
1100100111001010
0010101010100001
1110111111011000
0010111100100110
1100111110111110
0000100011100100
1100110001111110
0010011101100010
1110000100100101
0011011001010101
1101110000101010
0010000101111101
1100110111000101
0001101000110010
1100110100000001
0010011011110011
1101010010010011
0010101001100110
1110010111001111
0010000101100010
1111010110111000
0011001111101110
1110010010101100
0011000011101000
1110001111100001
0010001110011010
1110110010001101
0001111111010111
1110001011101011
0010011001100100
1100111000011111
0001110011010010
1110111111000110
0011001111111001
1100101000010010
0011001001010011
1100101101111011
0011001100011110
1110000110101001
0001110000010100
1100110101101010
0011000111011001
1101001111010100
0010111000110110
1111011101110000
0010010101010011
1110011110101010
0010110010010000
1111001000100110
