0011010000100010
1100101101101000
0011010000001010
1101101101010101
0010010000010011
1110010100001011
0011000101001011
1111001000100011
0001101001111100
1111001001001100
0011001010010100
1110100010111110
0011011000100001
1111011010010000
0001100011100101
1110001111110001
0010110100101111
1100111100101110
0010011111101010
1100111001011111
0011001101111100
1100110000111110
0001101010011110
1100111001010001
0001101010101001
1110101001001010
0000011000011011
1110000101111001
0000110100100000
1101111010101111
0010110011011101
1100101010010110
0001110110110011
1101011111100000
0010001010111001
1100111100100000
0011000110010000
1110011110000101
0011001001011011
1111100011100001
0001101101101000
1101001100100111
0001100010100011
1110010101101000
0010111001101000
1101111010101101
0010011011011010
1110000100110001
0001010001001011
1111010000100101
0001001010001001
1111101101111001
0011010010111101
1110000000011110
0011000111011000
1110100101010011
0010011010111110
1100110111100101
0010010111011101
1101011010110010
0001100010111010
1110110000101110
0010011101011100
1101100110010100
0010111000010010
1100101100000101
0001101111001110
1101110000110110
0001010000110111
1111001000011100
0010010101111001
1101111101111101
0011000001011001
1101001010111110
0010110000010000
1101110111110100
0000110000011001
1110110000110010
0011000001100111
1110011111000111
0001011110111010
1100110011110110
0001100010001010
1110111011101010
0001100100101001
1100100111100011
0001101111100010
1101000000011010
0011000111010010
1100111100100011
0001110001101111
1100100111010101
0011001111011010
1100111010010011
0010011100111001
1101100001111101
0011000100001001
1101000001010010
0000101110010011
1100110110010000
0011001100101101
1101101111110010
0001101110000110
1101011111111010
0001010100001001
1100110010010000
0011010100100011
1110011110000011
0011011001011001
1101000110110110
0010000010111101
1110100001111101
0010011110010001
1101011010111001
0001110001001100
1100111110100011
0010100010110100
1101011111111000
0010001111111010
1110000100010100
0001110111111101
1101001000010110
0010000101100010
1110110100011010
0010100101010100
1100111111010010
0011001010001111
1110100011000111
0010101101011100
1100111111101000
0001010000000010
1101111011001100
0001101001101110
1101111111101000
0011010011011111
1101111100110000
0001101000110010
1100110001010010
0010100101000110
1110010111110001
0010100011011010
1100101011111110
0010000111010000
1111000011000110
0010011010000001
1101001000001101
0011001001000000
1111011001001110
0001101101110110
1110011101101000
0010010100100010
1101110100110110
0011011100001110
1101001111000011
0011001000000111
1101111100111100
0010101101101010
1101111010011000
0011000011011100
1110110000100010
0001011100101100
1100110011010011
0010100001110010
1101111011101110
0001100111110011
1101101100011010
0011000100111111
1101101111101110
0001111101111001
1110000100001000
0010111000100001
1100101111011000
0001110000111110
1111001001100001
0011011000101011
1100111110001110
0011001000011000
1101000001011000
0011010000110010
1100110010100010
0001000100100010
1110110101110101
0010100110011010
0001000000000000
0011011010001011
1110110110111001
0010011101110001
1101100001100010
0010100110011100
1110010111101010
0010111101000000
1101000010001001
0001001011101110
1110011011110111
0001001011101111
1110000100000101
0010110111110101
1100110000000101
0011000101110111
1111100100100010
0001101000111100
1101110000011101
0011010101011000
1101110011111111
0010110010000010
1100111010100001
0010000000101011
1110100001010011
0011000100111001
0000110010001010
0010000000101110
1101010111111001
0010001010100011
1101010101011000
0011000110110010
1110001110100111
0011001010010110
1110010101100100
0011001100001001
1101111111100110
0010011110000010
1101100111100101
0001000111011011
1101001111010010
0010111100100111
1110010110011011
0011010110000011
1101111110111100
0001001111000001
1100111110111101
0010001100111001
1110010010100001
0001111100111111
1110100100001111
0011010100010101
1101001101111110
0001110001101010
0000100011001000
0011100111001101
1101000010001001
0001111011110001
1110111000111111
0010110101111100
1101100101000000
0011010001101000
1110000100011101
0011001101011101
1101000001100001
0010101111001000
1101001001000111
0001000100110010
1110101101110110
0001011011011011
1110011011001101
0011000101011101
1100110100100111
0010010010110011
1101000100100000
0001110101010001
1101110001111111
0010101101110100
1101101110000111
0011011010110111
1101010101101011
0011011000001011
1101010001010010
0010100010101000
0000111111110110
0011011001111111
1110001110101000
0011011010111110
1111010011111111
0010110010100110
1101100010010101
0010110111110110
1101100111000010
0011010010001101
1101100111011011
0001101001000100
1101011110100001
0001011011000001
1110000101111011
0010111011110111
1110001001010000
0010100110110110
1101110111011111
0001101001110011
1100110010101010
0001110101111010
1110010000101011
0010110011011011
1101010111000111
0011011110011101
1110000100000101
0010010100100101
1101000011111011
0010000010000000
1101010010010001
0011011011101011
1111001001000110
0001100010111000
1100110101000010
0001101111010011
1100111101110110
0010010001101000
1100110001010100
0001110000110100
1101111110101111
0010000110001110
1101100111100001
0011010010000011
1101100000001111
0011001100111110
1101011101000111
0011010100001111
1110010100001110
0001011011110000
0000111010001010
0010010001100011
1110101100000111
0010010101101111
1100111010000111
0011011100101111
1110011100100010
0010011110001101
1110111011000110
0001111111011001
1101011110101111
0011011101001001
1110110011000111
0011000110111100
1110111001101010
0000111011111110
1100100111111111
0011010000010001
1101100100110110
0011001111011100
1110100100000000
0011001110010011
1110001111000010
0010111010001111
1100111011101100
0011001110111001
1101110111100001
0010010011011111
1101011001110011
0011010011101010
1101111110011101
0011000010101001
1110111010001000
0011000110000100
0000111010011000
0001110100000101
1101111001011010
0010101001111100
1101110001001110
0011001011100110
1101001010110111
0001100101110100
1100111110001011
0011010000111110
1100101101001101
0011010000101101
1100101010010101
0011010011101010
1100111000101100
0010010011010110
1100110110100000
0011010111101011
1110000110110010
0001010001001001
1101011111001110
0001100110001010
1100111000110010
0001100100001001
1101110001100011
0010101111000111
0001000101000001
0011011100011110
1110111100011111
0010000011011001
1101111001001010
0010010101001101
1110001101101111
0001011100001101
1100111010100001
0011010111100010
1100110011101101
0010100011001110
1110110111001110
0010110100100101
1101110010010100
0000110010100100
1101011101010011
0010000101110110
1100100111110011
0010000001010100
1100110100110010
0011001010101011
1110010110100110
0001110000010110
1100111001010010
0011011001111010
1110010010000001
0011001100011001
0000110001000010
0011010010110111
1110011100101000
0001101001101110
1101011101110001
0011000011101011
1110011010000011
0010000001010000
1100101100101000
0011000011011001
1110000011000001
0011001010111111
1101001100001000
0001101110100101
1101111110111110
0011000100010001
1100101110011110
0011000111010110
1100110111001001
0010010101100101
1110100010000011
0011001010000100
1100111101100010
0001000011110000
1101100101010101
0001011111111110
1110011111111011
0010100001001000
0000110010001000
0010111010001001
1110111000000110
0001110100110111
1110011101011111
0011000110011111
1110110101100000
0001010001101101
1110010001101001
0010100111101001
1110001100010011
0001111000000110
1110010111000010
0010111111011000
1110110001111111
0011001110110010
1100101001000100
0010011000000110
1101001101001001
0011010000001010
1110001110011000
0010010110010110
1110010000001011
0010100011011100
1110100010110110
0001100010111001
1101101010001100
0011001111010010
1110100100001001
0011001110011100
1110101000000000
0010011001111100
1110110001010011
0011000101111111
1101111110111110
0010111110101000
1110001100001100
0010111111100010
1101001001110101
0010110101101100
1110100000010001
0000101000001100
1100101001101111
0010001001111111
1100111101010101
0001000000110100
1110001011101101
0010111111111001
1101011001000101
0011010101111101
1101011101111100
0011010100011111
1110001010000001
0011011010100111
1110001111011011
0010111010011010
0000011101100110
0011011010110110
1110001100101011
0010011100100101
1101101100101010
0011010110111010
1101010111011111
0011010110000010
1101101011011111
0001100000101110
1101100011010110
0011001110000101
1100111001101111
0001101001100111
1101100010011100
0011010110011111
1110010000011011
0010010110111011
1101111100010101
0000011001000001
1101011001010111
0010111001111111
1101000011011110
0001100011001110
1101100001001000
0010000101101100
0000101110011001
0011011101111010
1110110101011011
0010100010010101
1101110100000111
0010010111000001
1110111110100111
0001101110010110
1101011000100110
0011010001100110
1100101011101100
0010000111101010
1101000000010110
0010011110000110
1101101001011010
0001101111001001
1101111010100011
0001101111111111
1101100111010100
0011010001101000
1110010110100010
0011000100011101
1101111010011001
0010101111100101
1100111110001100
0011011001110111
1110010110101111
0010100100110110
1111001110100100
0011010110010010
1101001010100110
0001111011001101
1101000110000101
0001100100100001
1101110111010010
0010101110100000
1110001100111100
0011001011000100
1101010101100111
0001000111010010
1101010111100001
0010110010111000
1101101111111000
0001111010001111
1110100110011111
0011010011011010
1101010110101110
0010100010011100
1110011100101100
0000111111100101
1101110000010010
0010010010110010
1100111000010010
0011001111010111
0000000011100000
0010111000111111
1100111101000000
0010001101010110
0000110101010111
0011100100111101
1111010110001001
0011011110101101
0000010010110110
0001100100011110
1100110001101011
0010111110011011
1101011101011010
0010000111101111
1101111001001001
0001101011110000
1101101010100101
0011011001011100
1100110001010000
0011010010110010
1110000110001010
0000101100111111
1100110011100100
0011010001101100
1101011010110011
0000111101000101
1100101001101111
0000111111001001
1101110010010100
0011010000001011
1100111000100000
0010101111110010
1110001011010011
0011001111100001
1101000001100100
0010111010010011
1101011011001101
0001011100110010
1101111010110110
0011001011001101
1110110101001101
0010010010111110
1101110011100110
0011000010111001
1100110100010000
0011001010110010
1100100111111100
0001111001101100
1100110101011001
0011001101001101
1110010011111111
0001011000000110
1100110000000110
0001001101001010
1111010010011101
0010011100011000
1110111010101101
0001001101010101
1101101101011001
0011000000000011
1100111100011110
0010100111011100
1111011001111101
0010001101110111
1111000100101110
0001000000010010
1100110101010010
0011001101100011
1111001000001001
0010000010110101
1101010001010000
0001101001111000
1100110101110000
0000110011010110
1100101000110000
0010111000110000
1100110000010111
0011010101101101
1100100110110010
0011000000101110
1100110111000100
0001101100000110
1100110010010001
0011000001010101
1110000100111001
0011010111101001
1110100011010110
0010100000110001
0001000000000000
0011001010010010
1111010001101010
0011010101010000
1110110101011100
0010000000011110
1110011111101111
0010000000010010
1110001000000111
0001010000111110
1110100110001001
0010001000111110
1101100101010110
0011000110100100
1101001101111001
0001111011111010
1100110100100110
0010101101011010
1111101100011001
0011000001100110
1101011010111010
0000010100101101
1101110000101010
0010000110101111
1110010110001111
0001111101011010
1111000000000110
0010101011101110
1110010101010100
0001111111110111
1111010010000111
0001110101011000
1111100100101110
0001101111000000
1110101111001001
0001101011001100
1101100001100101
0010001000101000
1101011011110100
0011001100000010
1101011110110111
0011000001000110
1110010010100010
0000110001001010
1101100011111001
0011001111110010
1101111011100001
0001111111111001
1101100110011101
0010000101111101
1111000001010111
0000111001010110
1101111010001111
0010100001010101
1101110000010001
0010110101011111
1100110101101000
0010101011011100
1110011110110110
0001011110100100
1100110110000110
0001111101110101
1101111100010011
0011010010100000
1101100000001000
0010100111110110
1110101001001001
0000110011100010
1100100111100001
0011000000000100
1100101111001101
0010011110111010
1101110000111001
0001010111101110
1101011000100001
0011010101100111
1111001111100011
0011010110000000
1110001000100100
0010100010011111
1110000001110101
0010000111101111
1101010010001010
0011000011111100
1100101111000000
0001000110000110
1110000011010010
0011001011000110
1101011000000010
0010110010001111
1100101101110100
0010011000011001
1100101101000110
0001111111001101
1101110100110011
0010010001001110
1100101100100000
0010100110100010
1101100101000001
0011010010011001
1110001100100011
0010001001011000
1101101111100010
0011000001010010
1101011010110001
0000100011001001
1101000101011100
0010101101011111
1100100111101001
0011011001001011
1110100111100100
0001111100010111
1101111010000001
0011000101010101
1111000011110111
0001111010101011
1100110110011100
0010010110101110
1110111000111110
0010010011110101
1111000101101010
0000111000011100
1100101001110101
0011011001010100
1101110101000100
0010000011111100
1101101111010110
