0000100010010111
1110111100000010
0001110110010110
1110001110000111
0011001100101000
1101011001001011
0011000000001001
1100100111111100
0011010011000110
1111101100100100
0010010110100000
1100111110111111
0001110100101011
1101011001000001
0010101110100110
1110001111000011
0010000110010111
1101100000011000
0001001101010001
1100111110101001
0011000110100000
1100101000111000
0010011110010100
1101110101100000
0010110011110101
1101011101001000
0011001111111010
1100110101011010
0001100001111100
1100101010010000
0001101100000101
1110011001011111
0000110100100100
1101011101100100
0010010110101110
1100101101010111
0001000110111100
1110010111001011
0011001110011101
1111000110011111
0001100011001100
1101110111100000
0011000010100101
1101100001010010
0011010100101101
1101111001101100
0011000110000101
1110000001001001
0011010010100101
1100101101111100
0000111010001011
1100111111111111
0011001111001000
1101010100010010
0001001110010111
1101100001000111
0001010110110011
1111100000111001
0010000000111000
1110000010000001
0011010110101011
1101010011001000
0010100000110101
1111000001001101
0000111010110111
1110100001101001
0011001000111011
1101110111100001
0001000111100111
1100100101000111
0001011111001000
1101001010111110
0001000101000010
1110011100011101
0011010011100000
1110010101000011
0010001011001110
1100110001101000
0010010000000000
1101101111100001
0010110111110011
1101010101011111
0001010010010011
1101011010010111
0001100011000001
1110001111101011
0001000010101010
1110000000110001
0001110100010110
1101101111001101
0010111011110101
1110000010101101
1111000110100111
1101111001010100
0001001001011101
1110000001010101
0001100100011011
1110011001000000
0010010010111000
1101111101001001
0010000011111110
1101011011011010
0001000000110000
1101010110011111
0010101101110001
1101111010111101
0001110001001011
1101100111010010
0011000101010011
1111011010010010
0011001111001100
1101101001110000
0010101100011011
1111101011110111
0000110001010100
1100111000011100
0010000000100111
1110110100101011
0001100011100000
1101101101100100
0010110110010000
1100111010010110
0011100101101011
1101100011000100
1110110101101111
1101011101000010
0010100111000011
1101111010010111
0010110100101101
1110111111110100
0011101000000111
0001010101001100
0010011100110110
1100101111001111
0011001010000110
0001000111011100
0001100011010110
1110011011000100
0010110111010010
1100111000010001
0001110111011101
1101101001001101
0001110010101101
1100101111000011
0010100111111101
1110110101010000
0011011111011100
1101101110011110
0011001111111001
1101010001111100
0010010100001111
1110011001011100
0001100000110011
1110001100101001
0010001101011001
1100100100110110
0001110101000010
1101111000011000
0001101101110100
1110010110011111
0010000101110011
0001010100001000
0010101000011010
0001010111110010
0010100011101101
0001100111010111
0010100100111101
1110111010100101
0001110111101110
1111000111110110
0011010010001100
1101010100101001
0010111111001001
0000101101111100
0011011001000101
0001111101101011
0011011110111001
0010000111100010
0011111010101010
1110000100001011
0010101110100111
1101110100001001
1101110010101011
1100001110100001
1110011001111100
1101110010111010
0011000000001010
1101111100001100
0011000001010001
1110010010110111
0011000000101001
0001101111101111
0011111100011110
1110010100111011
0011011000101011
0000010111101010
0010101000110111
1110010101111011
0001010010001111
1100111010101100
0010011011000100
0010000001110111
0011010111010111
1110010101001110
0011000010000010
0010100000001011
0011100010001011
1111000100001000
0010010100101001
1101000011011000
0010000100101111
1100110101010100
0010011000111111
1110010001100011
0011000100100011
0001111001111100
0011111010011000
1110111100011110
0011101111010010
0010011111100010
0011101001011101
0001100011000100
0011000100110010
1101101010010111
0011000111100110
1110000001100110
0010100110010010
1110010101011100
0011011100110001
1110001011101011
0011001000001001
1101110011100111
0010101111100011
1101101100001011
0010111001011010
1101111111011011
0011010010101001
1101010000100010
0010010010010000
0000100111001110
0001111101000001
1111010001100101
0010000111011010
1110011000010111
0001101111010000
1110011100111101
0011000010001100
0001001101111111
0011111010101011
0001111001001110
0011000100011101
1110011001100011
0010011011111010
1110011101000110
0011001101101110
1111000101111000
0011000101010111
1110011001011010
0011010101010010
1110100011001100
0010110110111111
1100100001101001
1110110110000110
1100111011000101
0001000001011110
1100100110000011
0011001010010000
1110110111010001
0001101000110010
1101110001111110
0010111100001010
1101000100100111
0001101110000010
1111100011010010
0001101100000100
0010001000001011
0011001110001101
0010000100010000
0011011001010011
1100111011110110
0011000010011001
1101111011001010
0001000111101110
1111100001011101
0011001110100000
1101001111011111
0010010100010000
1110011001111011
1101101101110000
1100101111101010
1101010010001100
1101100010001001
0001100000111011
0001001010111011
0011101111011010
0010000111110110
0010100000101110
1101011010111001
0001110011100101
1100110011100001
0001111001101010
1100111110100001
1111001001011100
1110100010000101
0011011101010001
0001100110110110
0010001000001001
1100110010100010
0011000100111101
1100101010101101
0011000000011001
1110001011110100
0010101001011011
1101110101111100
0010010010100010
1100101010011010
1110010010111000
1101000011101011
0000110011110110
1110000000011101
0011001111000100
1110001101000100
0010101110110110
0000100111111100
0011010100111101
0001000111110010
0000011001000101
1011110101011111
1101001100000001
1011111100100111
1100110000110100
1100101000100111
0010100110101001
1100111100110000
0001100100110011
1101011100001111
0001011001010100
1110001011010100
0010011000000110
1100111011100101
0010001011011110
0001100001001001
0001110110101101
1101010111011011
0010000001011000
1110001001010101
0011001110000110
0001110011010111
0010001100011011
1100101111110011
0010010000010101
1101101010101011
0010000011101100
1101100101101100
1111000101110000
1100011100111000
1100101110000001
1011110100100101
1100101100101011
1011111111110101
0010000101110011
1101000111101110
0010101000011010
1101001001011100
0010011010111111
1101010011010000
0001101011111110
1101001011100101
0011001111100110
1101111011011101
0010111111110111
0000001010101001
0010101110010001
1110000001000101
0011110100100010
1110101010010111
0000010010101011
1100111110011010
1111100001010111
1101110000100000
0010000110110011
1101111110010010
0000011100111001
1100101011110001
0001001100010001
1101100111100010
0001110110101001
1100000101001011
0001100011110101
1100101000010110
0010010001100000
1110001001111001
0010110010000111
0000010010000111
0011011010100000
1111000101010001
0010110010101011
0001010001101000
0011010010101101
0000011110010010
0011010011111000
0001010101010100
0011101000011101
1110000011011100
0001011111011001
1011111001101110
1110101111010101
1100001110011000
1101101001000000
1100110001110000
0011001110100001
0001110111001010
0011100000001010
0010001001100011
0010001110110010
1110001111101110
0001101100011000
1100100100101010
0001111011001111
1101000001011101
0011010110011101
1100110111011111
0000110010111001
1101100010011111
0011001111100000
1101011110000000
0011011101111000
0001001001000100
0001010111011111
1101111111110001
0001101101111111
1100110011101001
0001110010010100
1100010001111101
0000110101101010
1100111110001110
0001101110110110
1110011110000011
0100000101100101
0010100011110010
0011101011001100
0010100100110000
0011001010010111
1101100110001100
0011001111001010
1101110110001000
0001110001011000
1110111001101001
0001110101001010
1101001000111010
0011001111001001
1110110100110011
0010110111011110
1101111001011010
0011101000110101
1101010101110100
0010001100101010
1100010100100010
0000111011111100
1011111011001111
1101001101111000
1100001101010011
0011000010100100
1111001010110011
0001111000010000
0001010100101101
0011010000101011
0011011000001000
0100010010100000
0011001100110000
0011110101101011
0001100010000100
0010101100010101
1100011110000100
0011001110011111
1101001011001110
0001010011010001
1110010010111111
0011001100101100
1110010111111110
0011101101011111
0000011000010110
0011101100000011
1101000100010111
1110111000001110
1100000010010111
1100011001001001
1011100110100000
1100101101011011
1100101110101100
0001000110100111
1111001010010110
0000110101001100
0001100101001010
0010010010101101
1110010100011111
0011010101111010
1111000100010100
0010101011101010
1101111110001001
1110010010001100
1100100001111111
0010000110010101
1100110100000011
0010110000101001
1101111111111110
0010110011111010
1101110011101111
0011100100110010
0010011001000101
0011100110100000
1101001001001010
1111001111000000
1011011011000101
1011100001000101
1011011001011101
1100010001010110
1011110000010101
0001101000111001
1111000111111001
1111000110110100
1110101010110001
0011000011101100
1110001010110111
0010101001010010
1110010100101001
0011000100111000
1100010101000101
1110110100100111
1100101001101010
0010001010010101
1101111010101101
0010101010101001
1100110101111001
0010000110011001
0001010000011001
0011000101101110
1110110100101010
0100001010100111
1101010100010001
1100111011101011
1100011101100000
1100100010011101
1011110011010011
1100110001001001
1100100110001110
1111011110010111
1110010100010001
1111001011010010
1101111101000111
1110010110111101
1101100011011101
0011000110110001
1110001110001100
0001010111010101
1100111001011001
0001100101010110
1110010111111101
0010001100011100
1111100010000001
0011010011011010
1100110100101100
0010100000001011
1110110010010101
0011110111101101
1111100010011000
0011100000101110
1101111101010100
0010100011001000
1110000010011111
0010010011000001
1110000011100110
0010100010111111
0001111001110100
0010100000010011
1110100101010000
0010011101010010
1110100001010110
0010101001111110
1100111010100101
0010101010100110
1100101001101000
0001110101101111
1100011110110100
1110011110100111
1100011110110111
0000101100111101
1100110101100100
0001000011101111
1101101010100001
0011010110010011
0001101111010010
0011000111100101
0000010110011101
0010110110111001
1101101111000100
0011100100010100
0011000011000011
0011110111100010
0001001000110000
1110000000100110
1101000000111101
0010111011101011
1110010010110001
0011000010110111
1101001101000100
0010010100110110
1110001010000110
0001101100000000
1100110001000100
1111101001101111
1100000110100110
0010010110101110
1100101101100110
0010100010001001
1100111000110011
0011001011110000
1101010101100111
0010111000010101
1100111100101100
0010010110011111
1101111001111110
0010110101110101
1110000010000101
0011001110000011
0001101010000011
0011101001110101
1111000101010110
0010111000111001
1101101010000011
1110100110001000
1101100110010000
0011111001100000
1110011111011001
0011100110011100
1101010110001101
0010100111001000
1100100110010111
0010010110110000
1100001010000111
0010101000011100
1110001101100110
0011010011000100
1110000001001011
0000111110110101
1101101010000110
0001010100110101
1100111010011100
0010000011001011
1101110111101100
0011001101110101
1110001110010000
0010000000001001
1110101111000111
0011011010011000
1101110100111000
0010010001111011
1100101001110010
0010101101001101
0001101011010010
0010001111011101
1110110100000110
0000110011011110
0001000110010100
0001100011101011
1110000011001011
0001101111001000
1110000010100000
0011010010110001
1101100110110001
0001010011010101
1101001000100110
0011000000001110
1111000110101110
0000011100100011
1101000010011100
0011000011000011
0001110101000111
0011101101100001
1110100100011110
0011100010110100
1101110111000000
0011011111111110
0001100011010001
0010100011001001
1111001000001000
0001000000110100
1101100001110111
0001000111001011
1100111101000111
1110001010011001
1100110011010001
0001100000100111
1101101111011000
0001110101111001
1100100111101100
0001011101011000
1100101000111010
0001000000101101
1110101101111101
0010010001100111
1110010110011000
0011001000001111
1110100100000011
0010000010110010
1101100011000001
0100000100100001
1110011110001101
0100001011011101
1111001100010101
0011100011101001
1101110010010010
0010111010010010
0001001001111010
0010011010110110
1101111010011110
0010010010110000
1101001100001001
0001010110011111
1100011011010001
1110100101001110
1100101101000101
0001001011011001
1101010110011101
0011010001000010
1101011111101011
0010100100000111
1111010011101010
0010011000010100
1101001011100010
0001100000000111
1100101011000010
0011010100011011
1100110000000101
0001111001101110
0000110101010101
0011011001000011
0000110101001100
0001011010110010
1101001011101011
0010111110001000
1101011011110010
0010110101101111
1110110110001010
0011000011000111
1100110010100000
0011000010110011
1101110110011111
1111011001100100
1101001001010110
0000101101110100
1110011101001110
0001100110111000
1110011001011100
0011001001010000
1111000010101110
0011000011011001
1101111100100110
0001001011011101
1110010100000111
0000101111110000
1110001101100110
0001100111011000
1100110001000100
0001110011101010
1110000111110100
0001000000110111
1111000010010111
0010001011011000
1110111011011101
0011010011010010
1110011111000100
0010111000011010
1101100110101001
0010001011000010
1110000011010110
0010001100110101
1110010100010001
0010111111010101
1101101011010001
0011000100101011
1100111011000010
0010111010101001
1100100111110111
