0001101011111000
1101000000100010
0010101101100010
1110111110101110
0011010110001010
1100110010010010
0001011011100010
1101101010101101
0011000011110111
1100111010010101
0000010010000000
1101011000010100
0011000001111110
1100111101010110
0011010010101010
1110111101011101
0011000110100101
1100101011001101
0001000100011000
1110001110101111
0001101010111001
1100110111011101
0001000010000100
1100111101000110
0001110001101011
1110100001111001
0011010100000001
1100111011110101
0001000010101010
1100101000000110
0011001011101111
1110000010110011
0010111100000101
1101101110001100
0010001101110110
1101001010110010
0001111010000010
1101010100011000
0001001101010000
1111000000011100
0010000010111110
1110101110001110
0010110110100010
1110110101100000
0011001101011111
1101010101000011
0001100011100101
1101000110110010
0010011101000011
1110000110010110
0011010100001101
1100111010111101
0001001011110000
1111010100100101
0010011100010010
1101111000011101
0001100101111010
1101101110111001
0001011001011011
1110001001010000
0010001101010111
1111101110101000
0010110100001011
1110101111101011
0010001010011101
1110100100110011
0010110100001011
1100101100111100
0010100011000111
1100100111101000
0011000100011101
1110011111110011
1110110101100110
1101001100001001
0000111010010111
1100100001110111
0000010110110111
1101100001111000
0010010111100000
1101000101110100
0010111010011001
1101011111010101
0010001000110111
1100110110010100
0010100111100001
1100101101011011
0001100111111100
1100111001000011
0010000000010001
1101110111000011
0000111011100010
1100110011001100
0001100111000111
1100011110000010
0010010101001111
1100001001000010
0001110011001100
1100010000011100
1110101000010000
1100010011011111
1111100100001110
1100010111101111
1110101011010000
1100001001000001
1101110101000000
1100010110000001
0001110000000010
1110001011100000
0001000011001000
1110010010001011
0011000101101010
1100110100010111
0011000001111001
1110011111000011
0010110111010000
1110000110111111
0000101110001101
1100100110100001
1111100011111110
1101010000110100
1110111101010000
1101010010100010
1110010101000100
1101000011110011
0011001111011110
1111001001100101
0010100010000011
1100110111001111
0010001010111101
1110100101101110
0000011100011001
1100110011010111
0010100010110011
1100111100001001
0010000111011011
1101101000100011
0010111101001111
1100110011010101
0011001001000101
1100111010101101
0000100100011001
1101010110001101
0010101110011010
1100111010001100
0010110101011101
1101011011011000
1110010011100000
1100000100100010
1101111010000010
1101011000111101
0000001111010010
1110000100011101
0010010000100101
1111000110111000
0010100110001010
0001011011110111
0011100000111111
1110001010100000
0010001111110001
1101001010001100
0011001001001111
1110001100101001
0011010001001011
0000110101110000
0010100110100000
1101011010111110
0000111101000000
1100101111010110
0010001101011101
1100110000100100
0010110010101000
1101011011001110
0001110100011101
1100111111110000
1110001111001111
1100111110011111
1111000101000010
1100110110111001
1110101110110100
1100101110110001
0001100100110100
1101001010100011
0001010110000000
1100111111100111
0010001100111011
1110100001100111
0001110010000011
0001100001110110
0011011010011001
1111010100000110
0011110111001010
0000111001101110
0011100001011111
1111010111110011
0000111100110011
1100101010101101
0011000101011100
1110110100110110
0011001000100011
1110000011000000
0011000000101001
1100100110010011
0001101000011101
1100110111100010
0001100010001100
1100001100101011
0010000001011000
1101000010110000
1101110101001110
1100011000011111
1110111110101010
1101110000000110
0001101011111011
1110111000010110
0011000101101000
1101111110010010
0011001010011000
1110001100100101
0011011011010000
0001111010110110
0010111100111111
1111100000111010
0001101110100100
1101000101001111
0010001111101101
1110010010010011
0010101101100010
1110000011100101
0001001000110001
1100111000011111
0001011010000100
1101100000010010
1110011000110110
1110101000011111
0011000110001100
1101000010010010
0010101001000100
1101000001111100
1110011000101100
1110010101110000
0001001011110000
1110000010111111
0011010000111010
1101111111100111
0011000011001001
1110101101111011
0010110111111100
0001111000010101
0011000001100110
1110001110001101
0011011100101110
1110111010000000
0011001101111010
1110101000111110
0011000101001101
1101111011010011
0001100100100011
1101011010111100
0001111001010011
1101010010000101
0011011110001001
1101010000100111
0010100010011001
0010011010100001
0001111000100011
1101011011010001
0010011001111011
0000110100110001
0001100011100110
1101110001111011
0001011101001000
1101111111110111
0011000010110000
0001100111100111
0011001010010011
0001101011110101
0011011000010001
1110000011010010
0011010010101011
1101011010110101
0001100100001011
1100111000011100
0010110100010000
1110110100010011
0011010000110110
1110001111011111
0010100101101001
0001100001100001
0011111101001000
0000000111111000
0011011100100111
0000001111010101
0100000011001101
0010011000110110
0011110100001001
1101100110000011
1110100010110111
1100010110011001
0010111100000011
1101111000011010
0000100010011111
1110111110000111
0010011101011100
1111001111100101
0010101000111000
1101010110101100
0001010110010001
1101000000100000
0001111110101110
1100110001101111
0001110011010010
1101011000010101
0010111111101011
1101111101111000
0011101011010011
0001111000110010
0100000101110000
0011011111110001
0100001101111100
0010000001011100
0100000010000110
0010100000111100
0010111100000111
1101100001011101
0001101100000001
1101111010111011
0001101110001101
1101011100100100
0000011110111011
1101101000100001
0011101010001011
0001110000110110
0011011111010101
1111000110011001
0011000010000110
1110110001110111
0011010010111010
1101000110111101
0011001101011110
1110001011010000
0010110101101111
0010011101001100
0100001001111101
0011001000000111
0011100001100110
0011000000010010
0100000111000100
0001111011110100
0011100110110001
0000111000111100
0011101001010000
1110000101111101
0010101000000001
1101100100001010
1111101110010111
1110001101010001
0010011011011111
1101100001100000
0011011101101000
1110111010011011
0011001001111011
1101100111110001
0010001110100110
1101100111010011
0010111100011001
1111100011010000
0010110101000011
1101010101010111
0011001011110001
0001000110100001
0100001001010100
0010010011111100
0011100001110111
1110011110000100
0011001110000101
1110001110111001
0010100010110110
0010001000011010
0010011111111000
1101000110011100
1110100001011100
1101101100110011
1110010101101111
1101111111101100
0010100010010011
0000111010000001
0011000000001000
1101100000101011
0001110100010011
1111001110101010
0001011010111110
1100111101100110
0010011111001111
1101100010000011
0001101101011110
1110011011111011
0010110010111010
1101101000101001
0011100100001100
0000110001001000
0010000100111100
1101101001010100
0001111011100011
1110100100001011
0011000001011000
1110000111111000
0011000000101001
1100111110111001
0001000000001000
1110001001000101
1111101110001000
1101001101001011
0010110001110111
1110010000011010
0011000111101111
1101000000100110
0010111001111100
1100011111111000
0010110100101101
1101001100100111
0011011000010101
1100111000100100
0010000110111010
1101100000100101
0001110111000000
1101110011010000
0010111101110001
1100111111001000
0010100110101110
1100111101011101
1110111110111000
1100110000111100
0010101011011010
1110000101010000
1110100111111010
1101100110101101
0001111101101010
1100111100110111
0001011110000001
1100100010101001
0001001110100001
1100100100101011
1111001111001001
1101011010111010
0001000111110001
1100101100011100
0010010011110000
1101100010101110
0011000110110111
1110110010010011
0001011100101100
1100110100101001
0011001101111001
1101101000101000
0001010010100000
1110010010000010
0001010101011000
1110100000111100
1110111100101100
1101100011110101
0001110011000010
1101100110011101
0001001110100100
1101011000001001
0010110101000011
1101000110000111
0010001001001000
1101100010100111
0001111001101111
1101010111011001
1110000100000001
1100101101111011
0011010110111011
1101100001000011
0010000001100010
1100110010111110
0001010010110100
1100110011010111
0010000101101110
1100011111101001
0011001001001001
1100111101111001
0010011010110000
1100101010001011
0001001101101110
1110110111000110
0001110010101111
1110011000111101
1110010111101111
1111001011000011
1110111010001001
1101110000100111
0010001100001001
1100110011101100
0010011001100001
1101001000111111
1111011100101001
1100110011010110
0001110111001101
1110101101011011
0010001101110010
1100110000110010
0011001010110100
1110000011110111
0011011000010101
1110010011110001
0001100010011001
1110000001001000
1110101110110010
1100111111000011
1110011111100111
1110010101001000
0000111011000000
1101010001001010
0011010111000110
1110011010111110
0010010100010111
1110011111010110
0010011000100000
1101010010010110
1110101001010010
1100101100110001
0000110110011101
1100000001011011
1111001011110010
1101110011010101
1110111111000100
1100110110110011
0001100110011010
1100101011111011
0011001001010000
1100110111011000
0010000110100110
1101000110011100
0001100010001001
1101010111100111
0010111010011110
1101101100100100
0001100010110101
1110011110100011
0011010001100010
1101111010011000
0000010110000111
1110000010011010
1110101001111111
1101101010001101
0001000000001011
1110010100011101
1101101100011110
1100011010110011
0001001100101111
1100010101101010
0000100110011100
1101001001001111
0010001011011101
1100101111101001
0001100101001100
1100110011111011
0010011101001001
1100111101111111
0010010000000101
1101111110000111
0010100110111100
1100100001100111
1110100111111000
1101001010011001
0000011101111000
1111001000111101
0000111001100111
1110000110110101
1111001010110111
1100101000101011
0000010111011110
1110011111111100
1110011111010101
1100010111010001
1101101011001000
1100111111011010
1110100111110010
1100011011101101
1110001010000110
1100101111100001
0001000000101110
1100110011110010
1110101001000100
1100110011010010
0010011000111101
1101111001100100
0010010110001110
1110111111010011
0001001111101001
1100011000111101
0001000100100110
1101001011010110
0010000001111101
1101100110101110
0010000011001100
1100111000011010
0010100111100001
1101110010100110
0010001101110011
1101101100100111
1111110000011110
1110000000110011
0001011010010101
1100100101001001
1110001011000101
1101001001010110
0000111100001110
1100110000010010
0010001011001001
1110100011100100
1111000110110011
1100111000011110
0011000011101011
1111010101110101
0010100000101101
1110000100111111
0010001100010100
1110010100010001
0001000011000011
1100111110111101
0010011010100001
1100011001011010
0001010110111001
1101001011111011
0010111010010000
1101111000011101
0011000001101001
1101010100001001
0001100001110011
1111001010001100
0010000010011100
1101010000110110
0001110011000001
1101001001001110
0010011010110110
1101100000001110
0001010100110001
1100110111100010
0010001111111010
1100110011011110
0011001000010001
1101100100111010
0010110001110110
1101010101000010
0010011100010000
1110000000111001
0010010100111111
1100000110011101
1110001010100111
1101101000000100
0001100111010101
1110110110010000
0010010000100111
1111010110010100
0100010011110110
0011001100010000
0100010100101101
0011000110011010
0011110100010001
1111010001111001
0011101001110111
1110011011000100
1110011011011011
1101110001111001
0001100000100101
1100100010100011
0010011110110000
1101010010110000
0011000000111110
1100100111000001
0010010100111010
1101100001100100
0010011001011100
1110101100111111
1110111111101010
1101111010010100
1110011110111001
1101010011101110
1101101110111100
1100101100011010
0000101100111010
1100100010000110
0001010101010010
1100110101111001
0010001000101111
1110010000111101
0010001001111100
1101110000111011
0001111000000101
1101101011010101
0010011110000001
1111011101010101
0011001000011101
1101111010110100
0010010011100100
1110110001001011
0001111101010000
1100100110011110
0011000011110000
1111001101011110
0011011001000001
1110011001011011
0010011111101110
1101011110101010
0001101011011001
1100101011001000
0001101011110100
1100101110110101
0010000011010101
1100100000011110
1101110000101101
1101010100110000
1110111000001000
1100110010110000
0010101100001001
1101011001110100
0001000110000111
1100100110111100
0001101110111101
1110010000000010
0011000011010111
1101011100000000
0001111001101011
1101011101110110
0011010100110101
1100111000111000
0010111011101111
1110001110100001
0011000111000011
1101101111101101
0001110110010110
1100110110010010
0010101111000011
1100100111100111
0001100100000000
1110111111000100
0010011110011010
1100101101101110
0010100000110001
1101110010100100
0010000010101101
1100111010000010
0010001101001101
1101010111110100
0010000011110010
1110001011010000
0011010110000011
1101000101111010
0001101000011011
1110010110100111
0011010100100000
1100101011101011
0011001010000000
1110010001101110
0010010111100010
1100111010110001
0000110010101001
1110011111111100
0000110001011111
1100110100001110
0010101111111011
1101111100010010
0010110000110010
1110001001111100
0001110011100110
1100101110111010
0001111001110010
1100110000011000
0011000001011010
1100101010011100
0001101100101101
1110110010110000
0010111010000110
1100111011010001
0010101100110011
1110100100010101
0000011001101010
1101010111110110
0011001011100111
1110010111010111
0011001001000011
1100111001010110
