0010110010111010
1111001111001101
0010110101100101
1101110101110101
0001000011011100
1100110101001011
0010010010111011
1100101011011100
0010010010100011
1100110100110011
0010100110111010
1100111011101001
0001001011101010
1101101001001100
0000111100111010
1111100101010001
0001100110000111
1111010101001100
0001110000010000
1110000110010011
0011000001111000
1111011011001101
0011010011011101
1100101111010110
0000101101001110
1101100100010111
0011000010101011
1110010000000011
0001111010100011
1101100000100011
0010001101111111
1100101001010010
0010100111100110
1110111110101101
0010000010101000
1101000011111011
0011010001001001
1100110010001110
0010101100101100
1101110101110101
0010110010101100
1110010110001110
0001001100100001
1100110101011010
0010110110100101
1110010101010100
0011001001000100
1100101111110110
0001101111001101
1110111110000110
0001100101101000
1111110010000011
0001001010110010
1110101011101000
0011010000111100
1110100110100111
0010110101110101
1101001011111111
0010001100101001
1100100111110011
0001011110000111
1100110010100010
0011010011011101
1100111000000000
0011010000011110
1101110111101111
0010000001111100
1100100111000000
0000110000010110
1110010101001010
0000110100110011
1100100010000111
0001010011111001
1101101111011100
0010110101110010
1100101010111100
0010110001111001
1101100011010111
0011001000101010
1100101100101000
0010100110011100
1111001111010011
0011010010011001
1101000010101011
0001100010001001
1100110110010001
0011001101000001
1100110011110110
0010010011001111
1110001010000110
0011001000001010
1101000000010101
0001000000011110
1100101111001000
0001110001010010
1110010000010111
1110111101100111
1100011000010101
0010101111010110
1101011111001001
0011000001110101
1101111100111000
0001000010000111
1110001111110011
0010100010110010
1100100100101100
1111001000011001
1101101011011001
0001100100111011
1100100111101111
0001101010011010
1100101111101010
0011010111011001
1110101000110100
0010101010011100
1110100011111011
0011011001110110
1101110010011111
0000011011001111
1101101100001101
0011000000100011
1100110110011110
0001000100011101
1100110000011000
0010100010100011
1101011000101100
0011001100000011
1100110001100000
0001001100000100
1100011110011000
1110011010101100
1101110101011000
0000100101011111
1101111011111100
0001111001011001
1100110000000000
1111110110100010
1101100011000111
0001100101010000
1110000001100111
0010010010100100
1101101110000101
0001101011000000
1101101111100111
0010101111000011
1100110010101000
0010100111101100
1101100110101101
0010100111010110
1101110111100101
0001101111110010
1111101110000000
0001101011100100
1101110100011010
0010011101101110
1101111001010111
0010011011001100
1100100000100011
0010011101011100
1100010111101111
0010111100011101
1100101110101110
0010010101000011
0001010011110001
0001110011001001
1101011110000101
0000111010011011
1110110110001011
0001100110111100
1110001110111001
0010010011111110
1100111111001111
0011000010011100
1100111100110011
0001010011100101
1110110000010110
0010111000111000
1101100000111001
0011010001111001
1100110010000010
0001000100110101
1100000000001110
0001110110010010
1100000001000000
1101111100101010
1100011100110001
0010110010001001
1100110011111110
0011001110111111
1101111100011011
0011100111001100
1111101111011001
0011010111010010
1100111101001001
0011001010010110
1101000011011011
0010111001110101
1100110100010010
0011001010001011
1100101010010111
0000111100111011
1101111111101100
0010110110110101
1101000100100011
0000110011101010
1101011000111001
1111110110011001
1100111110111011
1101110110110011
1100101001111011
1101100011101101
1011110010110100
1100101101110101
1100111001111100
0010001000000010
1110110111001111
0010101101011010
0010000011101101
0100001101000111
0000100010011001
0010111010110011
1110010001100100
0010101100000110
1100111101101001
0010110000011011
1110001011111110
0010010011101100
1101111101110011
0001010110111011
1110001010111011
0001100000011011
1110001100100010
0010011011101011
1101001100010001
0000111110111110
1101010100010011
0001111001101010
1101000101101010
1110000001110011
1100011000000001
0001000011100001
1101011000100110
0010111111001011
0001000010010101
0011101111000011
0010110001010100
0011101010101111
1110110101100100
0011100010100111
1111001000110101
0011001100110101
1101000110000100
0001100010001111
1110010011001100
0010010010101000
1100110110100000
0010101010101001
1100111001101000
0001100000100010
1101001001000100
0001110110001110
0000111101111110
0011010101010111
1101111100001111
0001101010000011
1111111101011110
0001100010100110
1101000100001001
0001000111001001
1110111010011100
0010011100110111
1101101000110011
0001110010100000
0001101100010101
0010010111111100
1110000100000010
0010101101000010
1101111111101000
0011001110110001
1101000101000110
0010000111111110
1101100100000110
0010001001010111
1101011001011111
0011010101000111
1101000110100011
0010001100011011
1110001001110101
0011010000011101
1111001001010110
0010011000001011
1110011011111000
0100000010000111
1101001000100110
0010110011000000
1100011110101001
1110111001011001
1111000101010001
0001001101011101
1101100001100110
0001001000100101
1100010100010011
1110010101111101
1101010000100100
0011011111101000
1111100101111110
0010010111010001
1111000100101100
0001001010001010
1110101010010100
0011000111001111
1101100100100100
0011001001110100
0000011101101101
0001010000001101
1101110001010000
0011110000100111
1110101111010101
0011110101111111
0000010101101010
0010100110101010
1101100011110111
0000011110110000
1100011111101100
0010101011101000
1101100111111100
0001001010001111
1100000011100110
1101110001011010
1100010001110010
1100111111000001
1011110110110110
1111000111010000
1110101010010111
0010101100101011
1110100110010001
0010001100010110
1100101001101000
0001110001000011
1101100101011101
0001101001110001
0001000111010010
0000110110111100
1100111100110101
0001100001001110
0010001101010010
0011010111011000
0010100101100000
0011101101111100
1101111110111111
0000101001000001
1100010100110100
0010011000111001
1101010110010011
0000111111011011
1100101010100011
0000010001000001
1011111010101011
1101011001110011
1100011101101101
0001111100101001
1101010111110001
0010000111100101
0000001110000001
0010101111011010
1100101001111001
0001100101011000
1111101000101110
0011011010000100
1110010101110100
0010101110111100
0001101001101011
0010101110001110
0000010110010110
0011111000011100
1110010111100100
0011000100101000
1100110001111101
1110001010101111
1100100001101111
0001000001010000
1101000100010111
0001100110010000
1110010011100110
1110001010011110
1011111111011001
0001010001011110
1101010111000010
1111110011011000
1110101011110000
0010101100000010
1111001011000001
0010010111100110
1100100111001110
0001000010000011
1111001000000110
0011011101010110
0000110000111110
0001110110010101
1101101001011110
0011000011001000
1101011110000101
0011010001101010
1110001100000011
0001001101001101
1100001010100001
1110110101001001
1101000000100110
0011000110101001
1101110010010010
0011001001001000
1110111010110000
0001100001100111
1100011110100010
0000100010100101
1101010010000100
0010110100000010
1100101011001111
0010110011011110
1110111011001110
0011010010011110
1110010100110101
0001011111111011
1101111011110110
0001101011100001
0000010011101101
0011000010001111
0001101011000010
0010110111001001
1101011110111000
0001100110101101
1110010111001101
0001111011001100
1110010010001001
0001001010001101
1100111001110101
0011011110011000
0001101010011100
0001110101011110
1101101110010100
0011000100011010
1101001110011000
0001001010011101
1100110100010001
0010111010100010
1101111011010000
0001101001010111
1101011100001101
0001100011101100
1100110000110110
0010111000101100
1110110000010000
0001010100011100
1101010111000100
0010110101101010
1110000001001101
0000110110100100
1110010100001001
0000100000111010
1100110000010101
0010110110101101
1110000000100010
0011001000110100
1110110001111011
0011010010110011
0001001000000011
0011110011010011
1111000001111010
0001111101101101
0000111101001001
0010010111001101
1100111111010011
0011000100110011
1101010111010000
0010011001011111
1101011101000000
0011001001011101
1100111101011101
0001001011110000
1111010000000010
0011000001100001
1101100110111100
0010010111001101
1101000111100010
0010001111001111
1100101101100011
1110011111001001
1100100111110101
0011000000110101
1111100100101101
0010111001110011
1111110010001110
0010111110111011
0001100011111000
0011011100010111
1101101101111100
0001011100000010
1101011001001110
0010011111101000
1110010111101101
0010101101010110
1111110001001110
0000111011100000
1101110111111010
0010011101100000
1101011100100111
0011010101011110
1101111101100111
0010001001110001
0000011101100000
0010110101100100
1100101001110010
0010000100100111
1100100001000110
0000100110111111
1100100110010110
0000011000110000
1101010000000011
0010110110110101
1110000000001111
0011000111001010
1101100100011101
0010000110010111
1101001100000011
0010010100000111
1100011110111100
0010110111110000
1100101010001010
0010100010100100
1110010101010111
0001111011001000
1110111011010010
0001110011110010
1110000001011111
0010011001110101
1100110000011101
0011001111010110
1101110110110111
0001111100001100
1110001010010111
0001110000000110
1100011011101100
1110000001011101
1101000110111000
0000101111111111
1100111101010111
0001110111100110
1111000101000110
0010000001101111
1101110110110100
1110001111001101
1111001000110100
1110010100000010
1101011011100010
0010101110111010
1100110100011100
0010000100110110
1101101011101101
0011001100010101
1100111000000110
0011000101111110
1110101101110010
0011001101011110
1110100100101111
0010001101011010
1101101100100000
0011001000001010
1101110010001110
0011000111101101
1110010011010100
0001111011101011
1101001001001011
0010101011101100
1101100101110101
0001010101100100
1100111101000010
0001110000011011
1101110001010100
0010110110110100
1110101011111000
0010100110010001
1100110110000011
0001100101010100
1101000001000010
0001110100101010
1100101111011011
0010111100111001
1101100111100110
0010001001001100
1101100001001001
0001101111101100
1110001010001011
0010100010101111
1101111000000011
0001100111110110
1110011111101101
0010101010001000
1111001101010111
0010011110100000
1101100000001010
0001000000010001
1101111110111011
1110101110101001
1100011000111111
0010101000011101
1110000000001001
0010001010101100
1110001110101111
0011000000101101
0001010111111010
0011000011000110
1110110101000010
0011010010000111
1101001000111101
0001000100101110
1111110101111100
0010100101100101
1100111001011111
0010010110001000
1100100101101010
0001010011000010
1100100001000110
1110110110101101
1100001111001110
0011010000100100
1101100010011010
0001000111101000
1101100001100010
0010101001010000
1100101111011001
1110011110001010
1100101110000001
0011000101111111
0000001110111111
0010110010111010
1101010111001110
0011011100011110
1110010001000010
0010000100100101
1110111000111010
0011000110100010
1101001000000100
0010011100100101
1101011010101110
0001111010100000
1101010001110100
0010100101111011
1100101110010001
0001111001000000
1110100010111100
0010101110101101
1100100011110001
0011001101011100
0000100010000001
0011000111110001
1101001001011010
0010001100000001
1100110110110001
0001110100100001
1111111010111111
0010101000011111
1101110110111100
0011011001010011
1110011111110110
0010001110100001
0001010101011111
0001111101110100
1100111110110011
0011010100110011
1110000110100101
0011010110110101
1101000010101000
0011011000110011
1101101000110011
0001101111010110
1110001010011011
0001001000101110
1100111001000011
0001100010001000
1101110010011001
0011001100100100
1110011110000101
0001101110100011
1101000110111100
0001100100101000
1100110010011001
0010001000000101
1101111111101110
0011001100010110
1111100000011110
0010011111011001
1110101000010100
0011010011111100
1110010111011010
0011000010101100
1100110000011101
0010100100101110
1100101011110111
0010100111011001
1101100011111111
0001101110110001
1101011110010001
0001100110001011
1110010111011100
0000110011011100
1101111000101100
0010111111001101
0000011111001000
0010000001001010
1100111110101010
0011000100000010
1110110100001010
0011000010110111
1100110110100100
0011000011110100
1100011110011110
0010001011110110
1100101100111101
0001101100001101
1101000110101101
0010010011110100
1110000100100111
0011001101001100
1101110001011011
0010010111000111
1101000100110011
0001110001101011
1111001111111100
0010110000100101
1100110011101000
0010100100000011
1100110000010101
0010001000001110
1100111100010001
0001011100000010
1101111001100110
0001101010011010
1100111000100000
0010001110100100
1100111110011001
0001100010000110
1101100000010100
0001111101111010
1100111010000110
1110010000111010
1100101001011000
0001011010100110
1100101101100010
0001100110001100
1100101011101111
0010000111010100
1100101100000100
0011011000111101
1110000011101111
0010000011000110
1101101010011110
0000100001110110
1101001011011001
0010011101100100
1101001010111110
0010011010010010
1111000011011011
0010100001001101
1100101111010111
0011001001100111
1101000000011111
0001110101100110
1110110110010010
0010000101100000
1100101111101010
0010110110110001
1100110010010001
0001001101101100
1101111101100010
0001110011011010
1110110000100010
0001011001100110
1101011011111100
0000010000001111
1101110011000101
0010001011111100
1101110100111000
0010000011111010
1101110100101101
