0001011101110100
1101101110101100
0001111100011001
1110001000110110
0010011110111101
1101111010000101
0010110101101010
1110000101000101
0001001001101111
1110110101011010
0001001111100011
1111010011111011
0010110001101000
1101000010100111
0000111001110110
1110110010100111
0001110000001011
1101111010100110
0010001010100010
1101010111010110
0001101100001001
1100101000000110
0011000011101010
1100111011000101
0001010111000110
1101001110101000
0011001000101100
1110111000011110
0000110011001101
1111001011101101
0000111001111101
1110010111011111
0010011011100110
1101110110110010
0010011111011111
1111010010001010
0011000111010011
1110011100010011
0010000010010110
1100101110010110
0001110110001111
1101100100101111
0011010010111001
1100100111100000
0001011011010101
1111001111101001
0000111001101010
1101101100110111
0010001011000111
1101101001011000
0000110001001001
1101001000011111
0010010011101100
1100110111101110
0010001101100001
1101010000110001
0010001110110000
1110010100010100
0011000001100000
1101100111101011
0001110110100111
1100111000010100
0011000000011011
1100110110111011
0001100111010011
1110010101001011
0011001101111001
0000010011010000
0010010011001101
1110011110101111
0011010110110010
1101000110000110
0011000111000010
1100110010011011
0011000001001001
1100101110111000
0011010100110001
1100111011111110
0010000100110010
1110000101001001
0001101101110001
1101110001001110
0011011001000010
1100111111010111
0001101100001010
1101110011100111
0001111101010100
1101000110001111
0010111001011111
1111000111101111
0001100010100001
1100101001010010
0011001101101110
1100101111110011
0011000100011000
1111100101011011
0001100001101011
1101100010001010
0001101000000101
1101101011101000
0011010101011110
1111011011000100
0010000011111000
1101100111100111
0011011110100001
0000111000011000
0010101110110011
1100111100010000
0011001100110010
1100110010101001
0001011000001011
1111000111101011
0001111001101101
1110101010000111
0011000110110011
1101011011001101
0010100001111101
1110011011101110
0001100101110111
1110001100011100
0001100000001000
1101100100101110
0001100000110101
1110010100111110
0001101011101101
1100100001101111
0000111000111000
1101010110110111
0010100010110000
1110011101101100
0000011111110001
1101110000100111
0010001110011111
1110110111101000
0001100110010010
1110100100011000
0010001111111010
1101011000010100
0000011110001100
1110001101101001
0010001101110010
1110011100011101
0001111110101011
1100111101000011
0001111010001101
1110100001000001
0001111000101011
1100110000010010
0001011000111110
1101110001011011
0000110111010011
1100111000110000
1101110101110000
1101000001101111
0001011111001100
1101011000000110
0010101110101101
1101100010110000
0011001100110111
1111001011101010
0011010010101010
1101010111011010
0011000000110111
1110110110010101
0001101010011100
1101001011011101
0010010100100110
1100111001001100
0001000111111111
1101011100001111
0001000111111000
1101101100010010
0011000000001111
1101101001001101
0010000110000100
0001000011100010
0010010110000111
1101110101010010
1110111111111110
1100110000010001
0000110110010110
1100111100101010
1110001000110110
1100100000100100
1111001011111101
1100100000000110
0010000100011011
1100101010110010
0010100010110111
1110011110001100
0011101011001010
1101110001010101
0001100111010001
1100111011101001
0011000011000000
1101010001110111
0000110101110000
1101111010001001
0010010111100011
1111001100010001
0011010011010001
1101101110101110
0011010010101100
1101110111010111
0011100100110001
0001111100101111
0011000010100111
1110001101000100
0001111010100011
1100100011010011
1110010100100001
1011100100010100
1100010001111001
1101000101100010
0001110101100000
1101110011010010
0010101010111100
1110000001101110
0010100111100110
1111011000000110
1110000111011010
1100011111111101
0001111100011101
1110001001000110
0001000111011001
1101110000110010
0011011010001111
1111100100111110
0011001011100011
1110010111000001
0010101110011100
1110110011011000
0011000010101001
0000110110010111
0010100110111010
1101100001110000
0010000111001000
1101110001010010
1101000101000101
1100000010000110
1101101010001001
1101110111010111
0010010111101110
0000110010100000
0010111101010100
1101001111111001
0010101001111001
1101100010100111
1110101011100011
1100010110000110
0001000101110011
1110001011010110
0000111101100101
1100110000010000
0010111111011110
1111011111000111
0010001001100101
1110001000001111
0010001101001110
0001010011111101
0010110000010011
1110001000100111
0001110001001100
1110111010001000
0011010100100101
1110001110000101
0000110110001011
1100110101011010
0011011100100000
0010001100111011
0011000000111010
0001110000001100
0010100111010001
1110110110100000
0000111011101001
1100111111110011
0001111101010010
1100101111010110
0010110101011101
1111000010011010
0010111110000010
1110010100100010
0010000111100111
1101001100011101
0001111010100111
1100111010111110
0011001101011000
1101101101110010
0001110110010011
1110011110101001
0001010110010010
0010010001001011
0011101000100111
0000110000001001
0000101010000011
1100100110000001
0011001100110000
0001000101111110
0011010011101001
1110011010101000
0001011100010101
0001010100001001
0011011011011010
1100111011011011
1110110001010101
1100111011010101
0001100010001100
1111011000110100
0010100101101111
1110011010001111
0001010011000101
1110110101100101
0010101001010011
0000100001110011
0011100010010111
1101101100100110
0001001000010101
1101110111101001
0011100011000011
1111000011001001
0010100110111111
1100111011001110
1110010101000011
1110001110001110
0011001011100001
0010000101101101
0011000101110010
1101110010100111
0010001000010111
0001000000110011
0010110110100110
0001100000011011
0010100000011000
1101100000010000
0001100000100000
1100111100001110
0010110000010001
1101011011100111
0011001000101100
1111000000100001
0011011001011010
1110000010011011
0010111010100011
1110110001011110
0001011111100010
0001110100010100
0011000100001010
1110101000111100
0001001110011000
1011100111110000
1011111010111100
1101011010010001
0010111000010111
0010010001000011
0010000101101100
1101001100000110
0001111101000010
1110101011111110
0100000000010001
1111000010010111
0011101000110010
1110000110001100
0001111010100001
1101110000111000
0010100001010101
1101010010000111
0001101010011101
1110100011101111
0001101101110110
1101110110101000
0011010110000101
0010100000010100
0011010101111111
1110011101000100
0010101111101101
1110010101001110
1101101111100010
1011000110001010
1100011010001111
1110001000001000
0011011101000111
1101100010011110
0001001000110011
1100101001000010
0001111010111010
1110110101110101
0100000000101110
0011001100011010
0010001010111001
1101001110000100
0001100000011100
1100101100100110
0011001011110000
1101010000001011
0010000011111110
1110001101011011
0010001110010011
0001010001000111
0011111000001100
0010001010101011
0011010010100110
1100110101001000
0001110100101011
1100110000100000
1100111000001101
1011010111111110
1101100000100000
1110000001100111
0010011110000011
1101101010110101
1111000100111000
1110010110111000
0011000110000110
0001101110100110
0100000011110010
0011001110110111
0011100111001010
1110000110001011
0010111110011000
1101001100111101
0011001111100001
1111100100101010
0010100101111110
1100111100100011
0011001000110111
1110011111111100
0011001110100101
0001010010010010
0011011110011100
1101010010010000
0001001010011101
1011111000110111
1100101001101100
1100000111000010
0000100101100111
1111101010010110
0010110111000001
1110101011100010
0001000001111111
1110110100111100
0011001111100001
0010100011011100
0011010101111100
0001100000110110
0010101110100001
1101000011010111
0001100100110110
1100101110011100
0011010001000101
1111010001100101
0010100011001001
1100110100111011
0000111100100001
0010010010001011
0011111011100101
0010100100001011
0100010101001011
1110011000101100
0001000110001110
1011111111100011
1100101000101001
1100110111101110
0001110001101111
1101010100100001
0010101100111100
1110010011000110
0001111111101001
0010100100011111
0011011000101101
0010001000100000
0010111100111101
1101101111000101
0010011010010100
1110000100011110
0011000010000001
1101001100011001
0011001010111110
1111000101001010
0010100101110100
1100110011101010
1110110001010101
1111010011010100
0011001100010000
0010011011100101
0011100001110111
0000000110100111
1111100000100110
1100100011001001
0000101000010010
1101101010010000
0010000111011111
0001011110001101
0011010010110000
1100111011101001
0011001101001111
1110011001101000
0011001101010011
1111100110110110
0011001000010010
1101011111110111
0010000011101001
1100100110111011
0010011101011000
1101011011010010
0001000100110101
1101111110000100
0001100101010100
1100011010110101
0000001100100000
1100101001101111
0001111001100100
1101101110011111
0011100101101110
1110000010011001
0001100100110100
1101100111001010
1111000110011001
1101101010110111
0010000111111111
1101010010000111
1111001110000111
1101100111011010
0001000010000101
0001110000000101
0001100100111001
1100010011010100
0010101100101100
1110100111010101
1111010101011111
1101101000011000
0011000011111101
1110011000010010
0001110101111110
1110000010000011
0011000010111000
1101011001000100
0001100110101001
1100001100111100
1110010001110111
1101000001100010
0010000010000000
1101100110110101
1111010110010001
1100110001111101
0001100010100101
1110010111010011
0011010000100010
1110100010100001
1111000101001001
1101011010110000
0010001000001011
1111011100110011
0001001011101000
1100111100010101
0001101101000101
1100111001010001
0001110001001010
1110011100011010
0010110111100111
1101110000110111
0010100100010001
1101101100100000
0010101111000110
1100011111110100
0010000100101001
1100111100101011
1110001000011110
1100010100110100
1101111000111101
1100001110110111
0000110111110010
1110101111111001
0011000101001100
0010000111010000
0011100101000000
1110001001111111
0010110011000001
0000101110011011
0001111010110100
1100110010101011
1110110010110111
1100010110100000
1111000001011110
1101001101001101
0001100001110101
1100111111000000
0011001110110111
1100111010011111
0011001001100100
1101011001100010
0001010101000010
1101010001011000
1101111101011011
1100011100100011
1110111001100001
1100000110111011
1101111100111001
1100101111000111
1110110111000010
1101100100011110
0010111100100101
0011001000111010
0011001101110010
1101101111100001
0010000111100110
1110101100110100
0010011110010111
1101011111100001
0010101010110110
1100001000111100
1110001111100111
1100010111000000
0010111001101100
1101110000101010
0001110011101000
1110011111010101
0000110011100000
1110100001011101
0011001111100000
1100011110011001
0010000101110010
1110000100001000
1111001001100111
1100101011001111
1101111010010100
1100101101110110
0001101010110001
1110011001011100
0001111000111111
0010100000101000
0010110001100100
0001100000010000
0001100110001101
1100111100010011
0010101000010000
1100110001100100
0001011011101100
1100101111101001
0010000000000111
1101001111010010
0001111000001100
1111000110100011
0010000000000001
1110001110001000
0010000110101100
1101001010110010
0010001100001100
1101011011011000
0010100111010111
1101100000000011
0001101000101011
1101011101000011
0010001100011100
1101010000011011
0001101011101011
1101001010100001
0001000100011100
1101111110101110
0001111101011110
1111011001010000
0011000100111010
1110001110010100
1110100000100111
1110000011101000
1110100100110011
1101111001111011
0001110100110010
1100110111110001
0010000110100001
1101101101001101
0000101111000101
1100101010100010
0010001111011101
1101110100111101
0001100101110011
1100110010000001
0000110010100111
1101000111111010
0001100100001101
1101000110101001
0000011010111001
1101000011101101
0010011001001101
1101110000011010
0001111010011100
1101110100010110
0011000001101100
0000011001101101
0010110100000000
1110000000110011
0001110100100110
1100111011010111
0001101101011001
1100110111111010
0010101010011001
1100111010110011
0010011010111110
1101101111010101
0001100000010100
1110111010101001
0011001101011011
1110010110010010
0000100111011001
1110000100110010
0010110000011100
1110010100111000
0001010101101000
1101011011100001
0011010100010010
1101110011101101
0010101010100110
1111001001001101
0001001000011010
0001011011101101
0011011000101011
1111011001001001
0011010100100100
1110101110001110
0001100100010000
1100110001001000
0001110110101000
1100010110010010
0001111011010010
1111000010000111
0010000110101001
1110000010101111
0010100101110001
1100100111110100
0011000101011111
1100111100111110
0000111111101110
1101001101011111
0011011000110000
1110111011001000
0011011001001111
1101101010000111
0010001111001101
1110101110001010
0001011010101100
1101111010100010
0001110001110010
1100100101001001
0001110101010111
1101000010111101
1111001110001100
1101110100001011
0011000001101110
0000100100111110
0010001111100100
1101110011111010
0010111000101000
1100100100010100
0001010101101110
1110010110011011
0011011001001000
1101011110011010
0010100110111110
1101011011001101
0010011110110001
1110000001010010
0001111001010000
1101010010111110
0011011001111000
1110001110001111
0011000011110011
1100101011111000
0011010000101010
1110011001101101
0000011000100011
1110001010010100
0010100110111100
1101010111000100
0001110001011101
1111001111011101
0001101010100001
1110010100101110
0010011010000111
1100101010010110
0001111110011100
1100101101111011
0001100111110101
1111000001000100
0011010001000001
1101111100110110
