0001110000101100
1100111111110111
0010010000111010
1101110010011000
0001100111110100
1110000101100101
0001011101111011
1110010001001001
0000100001010110
1101111110100001
0001110000101011
1101010111111000
0010010111001101
1111011011011100
0000101000010110
1110000001010100
0011010100101100
1100111110010001
0001110110010101
1101000000001100
0010011010010000
1100101101010110
0000011001101100
1100110110010010
0011000010001101
1101101100011111
0010100010011101
1101010011001111
0000100110101001
1101000010110100
0001000011101110
1110001001101010
0010001001101110
1101011100001110
0011000001101111
1101001100000111
0011001101001001
1100101101000111
0011001110100001
1100101101100000
0001101101101000
1110011110010010
0010010011010111
1100111010000101
0001100001000100
1101100000111011
0001000100111100
1110100111111010
0001101001000100
1101110010101001
0011001011111010
1100111100011111
0001111100011001
1100110010000001
0010100111010010
1111000100110011
0001111100010011
1110110010111011
0010111010010110
1101111101111111
0011001001001001
1100111001010011
0010110111100101
1110010010101011
0001111010000011
1101111000110000
0011001000000000
1110000100001011
0001011100100011
1100100101101100
1110101011010010
1100110111000101
0011000001101111
1100111010111001
0001100101001101
1110001011101011
1111110010011011
1101011100101000
0001100011001100
1101111010110100
0011001110010011
1110101100010011
0001001001000100
1110011001010110
0000011001001101
1101000100001100
0001110100001111
1101111110100000
0011001000000011
1100101101000110
0011001010010000
1101100000111101
0011010100100011
1110011011000101
0011011111010011
1111011101010000
0011000100111011
1100100111111010
0001001010001000
1110010000101011
0010001010100010
1101100001100010
0010100011001110
1101011011010011
1110011110101011
1110010100100110
0010001010000001
1110011001001110
0010011001000010
1100101110110001
0010010110000100
1101111000000011
0000101110101001
1101010101011010
0010101110100111
1111000111010000
0010001101101011
1101011011011000
0010110101100111
0010000101111100
0100000011011000
0010010100111100
0011111101111110
0000111011101011
0011110000011000
1110100000011001
0011011010011101
1110110000001111
0001110000011110
1101100111001000
1111001110010111
1100101111101001
0001100000110001
1110011010001001
0001100100001000
1100111110000101
0001000101101110
1100101000011011
0010100101101011
1101000001001011
0011010000010010
1111001100101000
0001000111010010
1100101101111001
0011010011110100
1110101111010110
0011111111101101
1110010101110101
0011110011100110
0001010001110101
0010011111101100
0001100110100010
0011010000001010
1110010101010001
0010010010110011
0001001111100100
0001110001010000
1100111000000100
1111100111001011
1100111101101110
0010101010000010
1101100010110001
0010000100100110
1101010100100111
0010111101001010
1110111010010111
0011001000110100
1111001000001000
0000111000001100
1101111000111010
0011001001101001
1100111100011011
0011010000010001
1110101010101010
0100001110101111
0010010110000101
0011110101010011
1111010110010011
0010010110010111
1110110111000001
0010100000101101
0000110111110110
0011000101111101
1101100101000111
0010111011110000
1100100010110110
0001110010110100
1100111010111011
0001100001101111
1110010100100101
1110100011101001
1100101101000111
0010011101110111
1100101100100110
0000111000011001
1100110010011001
0011000111110010
1100101100010001
0011010101000010
1101010010001011
0011010001101110
0001100111000011
0100000111110001
1110010010011101
0011001000011011
1101101101010011
0010010100111100
1101001001100110
0010000000000101
1101010010001000
0001101001100001
1100110101111101
0011000011001001
1110000010110011
0001100111100101
1100000011011010
1110000100100001
1100110111101000
1110110101101010
1100000010001010
1111011101111001
1101000000110011
0010111001111101
1100111100101111
0011001101001100
1100110110010010
0010101101010010
1101111101011011
0011111101000011
0010001000101001
0011101101001000
0000110001001010
0001011110001000
1100110001110000
0000011000000100
1100101110001011
0001110001010011
1101111000101101
0011100101001100
1101110110100110
0011001101101001
1111000111111001
0010101111010100
1101001111110001
0010011110101010
1101011000000110
0000100111111100
1011110111101101
1101111101011111
1100000110101100
0010111110100101
1100111010110001
0010111111100010
1101101001101111
0010011101101110
1110000100001101
0011011010100010
0010101011100111
0010101011111001
1110001110111100
0000110101110010
1100100010111101
1110000110010101
1100110001100011
1110101110111000
1110011110000011
0011010111100000
0011011011100001
0100001000000110
0010100101010110
0100000110011011
0010001000011011
0011110000000100
1101101110110000
1101101110011010
1011111100100010
1100001011010110
1011111110011110
0001101100010000
1111011110100010
0001010010001100
1110101000000000
0011001000101101
1101001100110110
0011011001000010
1110000110100011
0001010001100000
1011111110001101
1101111110110111
1100001000000111
1101010010111110
1100010111111111
1110010011100010
1101101101111001
0011011000110110
0010011000100000
0011111111000100
0011001101011101
0100010011110100
0010100111111001
0100001110001100
1111001000101010
0010010110110000
1100100001110100
1101100011110011
1100100101001010
0001101101110101
1110000001001101
0000001111110111
1100111010100100
0010000100000110
0000011001110100
0011100100101110
1101101111110100
0001110000011110
1100100111001110
1110011000001000
1110000001111010
0001011001111111
1011111011111001
1100110011000111
1100100000110011
0011001000110111
0010001000110001
0100001101101011
0010101000101000
0011111101111010
0010110000101101
0100010010101101
0001110111001111
0011100010101001
1100011111001010
0000110101100001
1101100011110100
0010100111000111
1100101111101110
0010111010110100
1111110010011111
0001110000110011
1101011111111001
0011011011011100
1100110101110010
0001110010100111
1100110111000100
0001111100001100
1100101100110111
1101010010111001
1100101011000010
1100111000001001
1100010111101000
0001110001100001
0011010100101010
0100001101111100
0010010010100001
0100001100111110
0011010000011010
0100001000100101
0000001100010011
0000011010001101
1100110000111001
0010011111110000
1100110110111110
0010001011110011
1110010111001001
0001100011111000
1100101010010110
0001010100110101
1100111000100110
0011101001000010
1101000101001001
0001001110010011
1100110001000001
0010101011111000
1100101010101010
1101100110101111
1011111101000010
1110100101000010
1101100100000011
0100001101110000
0011001011100001
0100011011110110
0011110111111000
0011111100101001
0010011000110001
0011000110111001
1101110010101010
1110011000010001
1100010100011000
0000110111010111
1101111011101000
0001001011001001
1111001001001001
0001111001000001
1101111000000011
0001110101100111
1101110010001110
0010101011110101
1101101101110010
0001011000101111
1101101001010100
0001111010110010
1011111101000010
1101111000111110
1100110010111010
0001111000000100
1110011100100001
0100001010110101
0010110011111100
0100001011110111
0011000101001110
0010101111110010
1101010101001001
0000110110111010
1100010000001000
1101111011110110
1100100000101110
1111000111110111
1101110100101000
0001000100010001
1100111100000110
0010111100010011
1110110010111101
0011001001110000
0001000100100010
0011000111000010
1111100001100000
0010010001101101
1100110011010101
1111011011110111
1011111100011110
1101010100101010
1100011010111111
0010000011111111
1110011100001101
0011011110111111
0011010010000110
0011110000100101
1110001010100111
0011001000001001
1110111010001000
1110101001000001
1100001101100111
1101111101100001
1100010001011110
0001110111011000
1110011010011000
0010001101010001
1110110011101000
0010010100010110
1101110010001111
0011001111100000
0000110000001010
0011001101100110
1101011101110110
0001010101010101
0000011010101111
0010000001100010
1100011111001111
0010101100110010
1111000101111111
0011001100001010
0011001010100001
0100011001010011
0011000101010000
0011000111101100
1110101100110010
0010100000001010
1100110110100011
1110100000101000
1100110001101011
0001010100011111
1100011111011100
0001110101000000
1101110011010111
0011000100010110
1101110100111110
0010100001110011
1111001101100100
0010100001010101
0001101101111000
0011001101000001
1101010101011110
1111000110001011
1110111101100110
0001000000011011
1110011011010101
0010000101000011
1110111111101111
0011001110000011
0011010100100010
0011100001010000
0000100110001001
0001111011000010
1110010111111010
1100101110010010
1100000101111100
1111001101111010
1100011001010001
0010100100101001
1101000011000101
0010001111000001
1110100111010010
0010000101101111
1110000001111000
0011000010100001
1100100111001101
0011001001010011
0000110011011100
0001111011011111
1101011010010010
1110001110101110
1100110001111011
0010101010100110
1101110000011011
0010111011000100
1110000001011101
0011101110100100
0001111000111001
0011100110111111
1101001010110111
0010100100001011
1100111010100000
1101100001101110
1101010101011010
1101110110110010
1101011110110000
0010100101101001
1100010000110010
0010001110101110
1101001001100111
0010011100000111
1110000100110100
0001100011111010
1100111100111100
0011000001101001
1101100100001100
0011010110110000
1101001100001010
1101011001110110
1100011110000011
0001100101011011
1101000001101110
1110101111101011
1100101011111010
1101110000111001
1101001111010010
1110110101101111
1100111010101111
0001110011001001
1101001000110100
0001101110101000
1101011000000101
0000110011101000
1110110001010110
0001100100110001
1101001110100111
0010100111101001
1110001101000100
0010011000000111
1101111000110001
0001110010010110
1100110000010101
0011000111011101
1110110101110011
0011000100001110
1101101101000000
1110010110011101
1100011100010000
1110010110000010
1100011101111101
1101110110100101
1100010010011101
1100101110111100
1100010000011011
1110010000111001
1101111110011100
0001111101010111
1101111111001100
0010011101010111
1100111010111011
0010111101001011
1101000010110011
0001011000100100
1101101110110011
0010101001010010
1100110100101000
0011000011001011
1101100111111011
0001110111001010
1110100000110110
0011010101100000
1110010001111101
0010010111110000
1101011011101011
1101111111000111
1100011101010111
1101010001010100
1101010000110011
1110001000011100
1100000001001111
1110001111100100
1101000011101000
1110110110110101
1101011000100010
0001101001101011
1101101000101100
0001111101001101
1110100011010001
0010001101000101
1101011101001101
1110011110101100
1100111000011110
0001000111010001
1110000110011010
0011001100001000
1100110001001001
0001101111001001
1101011010111101
0010001011010101
1101101110010000
0011100000000010
0000011110011110
0010010011010101
1101011000101000
0001100000011100
1110100010110111
0001101101001000
1100010110111011
0001101000001011
1100111001010100
0011000001000011
1101110111001010
0011010011111101
1110010101010101
0001101000111101
1101101110101000
0001111000011000
1100110001100100
0001101010111111
1110001000000111
0010000001101111
1101011101100100
0011001100000011
1101111001010100
0011010111111011
1101000101100111
0001110011111100
1110100000100111
0010001111001011
1110000011110001
0011101001001010
1101101000110000
0010011110111110
1100110100010011
0011011011110101
1100111111010001
0001111110100101
1110000100110111
0011001011100101
1101010111001010
0011001110010111
1101000001100100
0010000110000001
1101001101011010
0000101011001110
1110010111111100
0001101100010010
1100101100111101
0011001010011001
1100110110111101
0001100110100110
1100100111010001
0010010110010001
1111001001011110
0010000101100100
1101101000100011
0011000101001000
1101011101000110
0011011100111101
1101101000101000
0001011001011011
1101001000000001
0010001010111101
1101101101100001
0001101110100100
1100110001100111
0000011100011011
1101000100000011
0001001000001101
1101011001011110
0011000101101011
1100101110110010
0010000000101101
1101111000100011
0010111011100010
1101000010010111
0010010011101011
1100101011000000
0010111100001001
1110011111111001
0011001001110011
1100101110110111
0001011100110000
1110001001010101
0011011000000111
1101100100000111
0011001011000010
1101011110001001
0010001111111011
1101101111100001
0010101100001001
1101000001011101
0010111110111010
1100101100010011
0010110000100001
1110010000111100
0011001000110010
1101111011000001
0010001001100101
1101111011001001
0010100010001110
1100111000011000
0010011011010011
1100101111110101
0001101101011010
1110011100110011
0010110011101000
1101000100000001
0001010110100001
1110000100000001
0011001110000011
1100101000011101
0001101011011011
1111011110010010
0001111100001000
1110111001000100
0010111111111100
0001000011000111
0011011110101100
1101000011010001
0010110000011000
1101100100101000
0010011110000000
1110011001111000
0010100101101001
0001010101101000
0001100010110010
1101000101001111
0011000111100010
1110011011010111
0001110101110011
1110010000001001
0000100110111010
1100110110110001
0001011001101110
1110001100110111
0000011001111111
1100110111110001
0011010111100100
1110100100100000
0001010010110000
1100110100000111
0001010110010010
1101111101101001
0011010000101001
1101110101001000
0010101010110111
1101101110010001
0010011001111111
1101101110101111
0010000001010011
1100101101001011
0001100000100100
1101011001110011
0010100010110111
1101110001010000
0010111010110100
1101100110010000
0001101101110001
1101101101111101
0011000001111001
1101011101100101
0011000001011001
1100111011010000
