0010011001111100
1111001000100011
0011000010000011
1100110001010101
0001100001011101
1100101000000001
0011010001000001
1101101000101101
0001011110110100
1100110111001101
0011000101001111
1101101000011010
0011010001010000
1100110010011100
0011010000011011
1111010101010110
0011000011100001
1110111000011011
0010111010001111
1110000001000000
0010001111111100
1111000001110110
0011000100000010
1101000101010011
0011000110101000
1110010011010010
0010010000110110
1101011100000000
0011010011101011
1101110010000101
0010100001010011
1101110001111010
0010011001101001
1110001101110100
0001111000010000
1101000100111100
0001101111010001
1110011001010101
0001100000111000
1101110011011110
0000101001111001
1100101011111010
0011010010001001
1100101010101011
0011000110101001
1100110101110011
0011010111011010
1101011010011101
0011010011110000
1101001010100001
0011010010010110
1101111011111010
0011000010010100
1101000110100010
0000110111010100
1101100001010101
0011010011000110
1101100011100001
0000111110111100
1100110010110101
0011010101001101
1101001111001111
0001110101001110
1101101111011001
0011010011100010
1101011010111101
0001100110101011
1111000100001100
0011001101100111
1110010100110100
0010110100010100
1100111000011001
0001111000110011
1101101010001101
0011001010000101
1111100010100110
0010001001101101
1100111111000111
0010110110011010
1110001011011001
0010001100001100
1101011011111111
0010111000101010
1110100100100010
0001101010001111
1100111101110110
0010111100001001
1110100101000001
0001101101100100
1100111001101011
0000001101010011
1110011110011100
0010001010000010
1110000111001111
0011000010011001
1110100111100100
0011011010100011
1101011000011101
0010110011100000
1101001100000011
0000010000000111
1110111100101011
0010011100010000
1110001110010011
0010110010011010
1101101011011100
0010010010100010
1100100111111100
0001100100100111
1111001011111101
0001110100111100
1101010010000111
0010110001111000
1100101010000010
0011000101101011
1100110100001000
0010111101101000
1101101101111110
0000110000011111
1100101100101010
0001011101100101
1111001110010100
0001011101011100
1101000100110110
0001110010101100
1100101000000011
0010110000010010
1100111010011111
0000101100100111
1100111000101101
0000001011000100
1110001100110111
0011000011100110
1110000100110101
0001100100010001
1110101011010101
0001100100110100
1101101000001100
0001101011100001
1110001101111001
0010101011001101
1101101000101110
0011010001101000
1110011011100000
0010010001000111
1101000000010011
0000011011001001
1110010011010101
1111010100011011
1110011110001111
1111000101011101
1101001101001010
1110100001101001
1101001010010111
1110000000001111
1100110111111000
1110111100101100
1110001001010100
0010111000100011
1101111001100101
0010100110111001
1101000100011100
0010001011100110
1111100010000010
0011000001001110
1101101001110000
0001111001111011
1100111100110001
0011011001010110
1101100010100110
0000111000100100
1101011010100111
1111000001111011
1100010101100101
0010001010111110
1101000100001101
0010000110101100
1100011110100110
0010000110001101
1100110101110000
0001010010011001
1101011101010011
0010001111011100
1110011011111001
0010101011110110
1110001010010100
0010101100101100
1110100001110011
0001110101000101
1100110110110011
0010110000000010
1100011101111100
0010101010100110
1110010100110011
1111001010101100
1101111111111100
0010100011110011
1101111010000101
0001001000100000
1101010011011010
0010101100011001
1101000111001110
1110000011011100
1100011101000110
1110011111001011
1100011100111010
1111110000000111
1100111101010101
0011010101100111
1101000111101000
0011001110010000
1101001111100010
0011000011001111
1100111101011111
0001100000110010
1101010111110000
1110011011011000
1101110010010001
1110101101110100
1100011001110100
0010101000011110
1101101110100111
0010011111100100
1101011010000101
0010001000000011
1101000011000111
0011001110111011
1100011011111000
1101111101010000
1100111011001111
1111001000110111
1100000000101011
1110100100111100
1100101000001011
0010000010011100
1100110100100001
0010010001000100
1101111011100110
1111000011111011
1101011011101101
0001110100001001
1100110100111011
0011000001010110
1100111110101001
0010010001101001
1100101110001010
1110010000100110
1100111110010110
1110010101100011
1110010101110001
0011000001111110
1100110001110110
0010000011101001
1101100111111001
0010000000101100
1100100110000101
1110000010101001
1100101110000010
0000110100100111
1101001101010010
1110111100001001
1101000010111001
1101111111000100
1100110011110001
1110011111000110
1111001111101010
0010100100001001
1100101011111000
0001100000110101
1110111010100101
0001111101011000
1101101100101011
1110001001000000
1100011001011101
1110001111000011
1101101010110000
0010101111000011
1100111100100011
0000111111111001
1100101111110010
0011000110111111
1111001101111100
0010110111000111
1101111000011100
0000110001111101
1101011000011010
0010011011000100
1100111101101000
0001101101111000
1100111010011110
0010111011111111
1100111101101011
1110011111101001
1101100000101001
1101100101010001
1100100011110110
1101100001011110
1101000101101110
0010010011100010
1110001100111100
0001100111111110
1110010000110100
0010001001110001
1100100110111010
1111100011110101
1110010001110101
0010110110011100
1110100101111010
0011000111000011
1100100101110011
1111000010000101
1100111000000100
0010110110011110
1100110111001001
0010101110010010
1101110010100110
0010110100110110
1100111101000100
0000111011111111
1110100011100000
0001100000100010
1100101011100100
1100011101110110
1011111001111100
1101001011110001
1100111000101101
0010000010110010
1110001100000100
0010110001010011
1101001111110100
0010011000011010
1110000011101100
0011000011111100
1101100001011100
1111100111001000
1110010110000111
0001111110110000
1100101101111001
0001011000010111
1101110100101010
0010100011011010
1110011011000100
0011000100101100
1101110111110000
0001010010011110
1110001110110111
0010010100011110
1100101111001001
1101111011010110
1100011100110110
1101101001100001
1011111101011001
0000011101010101
1100111001110001
0001110011110001
1101100001010011
0011000110011100
1101110111110010
0010111101010001
1101101101111001
0011000010110001
1101110011001011
0011010001110110
1100111010100011
0010011001000110
1110110011101111
0011000110000001
1100100000101111
0011001001010011
0001000011000100
0011110010001000
1110111011110010
0011001011010011
1101111010101111
0011001101010100
1101110110001101
1110001100010110
1100011111000010
1110011010111001
1100101101010010
1110010100111110
1100011100100110
0001000000001101
1101001111010110
0001101010111100
1101111010001101
0010110111101101
1110000001101001
0011001110010011
1110010001110000
0010001100111101
1101001111011011
0001111010100000
1101101100011001
0001101111100000
1100100011111110
0010010111110000
0001101100010111
0011110011011111
0010011111000000
0011110111011000
0001100100101000
0011010011001011
0010001011100110
0001111111100001
1100110001001011
1111011111000100
1100001000001101
1111100111101000
1101111110101110
0000111110000110
1101011010100110
0011000110000110
0000011111000000
0011100010101110
1110000000101110
0011011011110000
1110000111010111
0010111100111100
1101000101110000
0001111000011011
1110100000101100
0001100100011011
1100110101110111
0010101111011111
1111011010011110
0011101011000101
0011000011000111
0100010111000101
0011010000010001
0100001110100100
0010011001001010
0011100101001111
1100111001000011
1111000000001101
1100100010100101
0000100000101001
1101111011110111
0011010011000011
0001011011001010
0001100101110010
1101011110110101
0001110001100011
0001101010000111
0001100001001001
1110111010110111
1111100101010000
1100100110010101
0001101100000000
1100111110010000
0010101011100011
1100111111010101
0011001101101000
1101111001011110
0011000001111101
0001010101111001
0011110110101101
0011000111101000
0100010011110000
0010110101001000
0011100101111111
1110000010111000
1110000011000001
1100110110101100
1111011000001001
1110010001010010
0011100101111011
1101111011001110
0011001101010110
1101100001101100
0011001111001001
1111011000010010
0010010000100000
1110011011011011
0001111000100110
1101101011100001
0001101001010100
1101111100100110
0010001000111111
1101001000110010
0000111101001100
0001110110000001
0011000001001101
0010111101010110
0010111110010100
0010110011111101
0100000000110101
0001101011010010
0011011011001111
1101001011000100
0000110111011011
1101101101001010
0011010001011010
0001110000000111
0011000111010110
1110000111111100
1110101110110001
1110110001011110
0001110010000011
1100111010000000
0011000001101000
1110001100100101
0001011000100011
1100100101110101
0010010111000100
1101011011100010
0010001010100110
1100101001111111
0011001011011111
1101010010010000
0011000001011001
0010000010011001
0001110011001101
0001110111100110
0011010111001001
0010010100011011
0010010101001100
1100110110101111
0011000101001011
1110010000011001
0100000011011011
0011000100010011
0010111100100010
1110001010100100
0010101011111100
1101010101001001
0011101001001000
1101010111111101
0010101100000000
1110001010101011
0011000100010001
1110110110001000
0010110001111100
1100101000100101
0000101101010011
1110000001010001
0001111100010111
1110001111000001
0011010110110010
1110101010011111
0010011001111000
0010000101010011
0011100000011110
0001001111000101
0010001010001000
1101100101001111
0011000011110000
1110101100011000
0011100111111011
0000111001110110
0010010101011100
0001110010110011
0011001100011010
1110101011000000
0010111011010100
1111010010100001
0011000010011011
1101111110111001
0001110000001011
1111001110110001
0011000010011000
1111001111110111
0001000110110101
1101011110011010
1110011010000000
1110011001011101
0001110010011011
1101001101110100
0010100101011100
1110011101010011
0010001100011000
0010101011010110
0010111000001101
1110100001100101
0011000101011001
1110010111100001
0010101011010001
1111001001110000
0010100000000110
1110000110101110
0001001001101011
1101110000011001
0010100100011100
1101001100100011
0011000100001001
1101000010100111
0010010000011110
1110011101100001
0001010000110101
1101000000101011
0001100110100001
1100101001110110
0010011000111111
1101110010001100
0000011000001001
1100011111101110
0001010100111000
1100101111100000
0010001101011110
0001101001010111
0010011001100001
1110011111010111
0010111110011111
1110100101100010
0011001100000101
1101100001101011
0001010001110011
1100100011011101
0010110000110000
1101110001110010
0010010011110111
0000101011010001
0011011000100000
1101011100010010
0000110011001011
1101100010101010
0001111011010001
1101101000001101
0011000000111101
1101101011100111
0000101001111100
1100100001100010
0000100101111101
1100001001110000
1110100110001100
1100110111101101
0010011100001010
1101001010111101
0001110100001110
1110001100010111
1111010100001010
1101010101101000
1110100011010100
1100101100100100
0010110100110111
1101110101011011
0001001011000101
1100110011100100
0010000001010010
1110110011110001
0010100101010010
1101110001101100
0010001010010100
1110001010000010
0000110100011000
1101101100011111
0011001001100001
1101110110100101
0011001000111101
1101000101011000
0010010001010101
1101100011100111
0001100011000110
1101110011010001
0001000111101110
1100111101001111
0010001101110010
1100011100111101
1111001100100010
1100111111100010
0010100100100011
1100010101111111
0001001101000110
1101010010011101
0010101001001011
1101010101000011
0010001110100110
1111100001001010
0010011100101000
1101010111010101
0010001110000001
1100110010101010
0000110001110000
1100110011100000
0001011010111010
1110110111110101
0001101101101101
1100010011110000
0001000010011111
1101000110010110
0001100001111101
1101000001100011
0001110001010010
1110110110100001
0010000000010111
1100111000000111
0010010001110110
1100111111101111
1111101100111101
1101000001101101
0001110110100110
1110011000110000
0001110110100111
1110110011111110
0010000111001011
1110110001101100
0010100010101110
1101000000000100
0001110001100101
1100100110100000
0001110110011010
1100111111111000
0011001101011000
1110000000000101
0010100100100000
1110111010100011
0001111000100101
1100100100101000
1110011111100011
1100011000010000
1110101100011110
1100101001111110
1111000011110100
1100101000100110
0001010100111100
1100011110011001
1110110111001010
1101100111011000
0001100100000110
1101110000100110
0011000110100001
1101010000101011
0010110101010111
1110111000100111
0011000011100010
1100101111001111
0001110100100010
1110001010010110
0010101110010011
1101011001111000
0001110101011110
1100101101101111
0001110011011111
1110100111010100
0001100111011011
1100110001010011
0000110100000101
1100110010100100
0010011111100100
1101111001100000
0010011001100111
1100100001101111
0010100110000010
1100010110011011
0001011110110111
1101101100010001
0010111000101011
1100111011110010
0010011011001111
1111001100111111
0000110001111010
1101110100011001
0010111111000000
1101001101000000
0010100000100010
1101101101011110
0010100001010100
1100110101011110
0011000100000110
1110100111001100
0010001000000000
1111001010111111
0000111011000111
1101000100001010
0001100110011100
1110000000101101
0010100001011010
1101110000110101
0000100111000010
1110000000101101
0010010101101001
1100110011011100
0000010011100101
1101100101001011
0010101111110001
1100111000001110
0010100111010001
1101001111001010
0001110101011111
1110010011001101
0010101110110010
1101111100010011
0010110001101100
1110000101011011
