0011001111110100
1111001101000101
0010000100001101
1101000011000101
0000100101100010
1101011110000011
0011001011000110
1100110001010011
0010111011010111
1110011000101101
0011000100110000
1110111000010000
0011001000100000
1110010011000010
0010101000010010
1110000110010011
0010100001010100
1101011000110010
0010010011010001
1110100101100111
0001000000001110
1100101101001101
0011001011010100
1101010001011001
0001011001100000
1110001001000000
0001111111001101
1101000000110101
0000101010010010
1110110100111111
0000111011010110
1100101100111001
0001011101111100
1101101110001000
0010101111111011
1110011011001101
1111111010010001
1101101100011010
0000111011011001
1101000011011110
0010110110100001
1100110010000100
0011000101010001
1101100101010100
0001000000111101
1101111011000110
0011001000010000
1101001100011011
0011010101110111
1110001110000111
0011001000000101
1111001101110111
0001100100001010
1101001100010011
0010110111101011
1101111111000110
0011010101010110
1111100001010110
0000111001110000
1100100111011000
0001010010001100
1110101010110101
0011010010001000
1110000110101100
0010101100001101
1101011101011110
0010011000100111
1101001001100100
1111000100011101
1101000000100100
0001100100001010
1100111110010000
0010000110010010
1110100010110111
0001010001101100
1101011011011001
0010010111100001
1100101000011111
0001100010101000
1101110000001011
0001110000101100
1100100111000011
0010011001011010
1101101011111000
0010110010011010
1110100100010001
0011001010011111
1101010110001111
0001100001101101
1100110000010111
0010101011111000
1110001010000110
0001000110110111
1101101000001100
0010110100010111
1101000011001101
1111001001111101
1110001100011100
0001100010111110
1110111010110110
0010110111111011
1101000111010100
0010110110010111
1110011101010100
0011000101100110
1100111100111111
0011001010100110
1110111000100110
0011010100011000
1100101101000011
0010101100010101
1110100101100110
0011010010111101
1110111010110101
0010110001011000
1101011011000100
0001110000010110
1101110010100100
0001100001010100
1101110111000000
0010010010011100
1101000001010000
0010111101010010
1101110110110011
0010000010111001
1101101011111010
0001100000101110
0000110110000100
0011010000110110
1110100101111110
0001101101111100
1110001001000100
0011011110000111
0000110011001000
0010101100000000
1101010010111110
0011010111010110
1110001011111100
0011000000111001
1100110100100100
0001100110101111
1110000011101010
0000001111100110
1110100111001100
0010001111000101
1101011101111100
0011010110010000
1110001000111010
0010101111110101
1101110000111010
0010010011111010
1110011000000110
0010101010011010
1101001111011010
0100000011110011
0000110010001101
0100000111100011
1110110100010011
0010111011111001
1101110100011101
0010111000000101
1111000010000010
0010101100000110
1110111001110000
0010011111011000
1100110000001110
0011000101000100
1101111001011111
0001001010111100
1101100010110111
0001101010001010
1110000010011110
0011010011110101
0001010001110001
0011010100110000
0001111001000011
0011100110110011
0000101110011000
0001110101011000
1101000101001011
0000111101110101
1101101001110101
1110011110111101
1100000110101001
1110001011111111
1101101001001001
0001101011011001
1101111000100110
0010101110111111
1110100011111010
0011100010011010
0001001000010011
0011111110011011
1101000000001001
0011001000101111
1101110000000110
0010101100001000
1101010001110001
0011001010110011
1101001011010000
0001110100101000
0001100011110100
0010000011100111
1101001110100001
0010001001010110
1101001011110100
1111000011010001
1101011111100100
1110011111111010
1011111110100100
1011110000111000
1010111111110111
1011110000111110
1011100001010010
1100111110111011
1101001110011000
1111011111001001
1101101000101011
0011000001000110
0010000011010001
0011010001010010
1101101111001100
0011010000011011
1101101111100111
0001111100010101
1100111100011000
0011001111010110
1100110010100001
0010011100100000
1101010000100111
0010110110110110
1110000000000001
0010010011111001
1100100110110111
0001101101110010
1100101001011110
1100101011111111
1011001111110001
1011111000000101
1011011001000001
1011111101011000
1100010011101000
1110100101100011
1101000001101110
0001000001000001
0000110000101111
0010010100000011
0010100000100100
0010100100011111
1110111111000011
0010100110010000
1101100100010110
0011001001010000
1101101000110000
0011010001110110
1110011111010110
0001101011001000
1100110011100001
1111000011110001
1100111100010011
0001001001110100
1100100000000100
1100101011001000
1100100010011011
1101100011100000
1011111001111001
1101000110111101
1100001111011100
1111000111000101
1101011000000010
0001111111110000
1101011100011000
0001101101100010
1110000100010010
0011011010100100
0000101111111110
0011100000100000
1111011110101101
0011010001110001
1100111011110001
0010000011101110
1101100110010110
0001100001101101
1110001001101010
0011000101111101
1101000110000100
1111101001010010
1101011010110111
1101110111110000
1100000101101000
0000110100011110
1100100100000000
1110001011111100
1011111110011100
0000110101001010
1101000110001100
0010101011110001
1110110101011001
0001000011101101
1100101110110001
1110111010101000
1110011010000011
0010001100000001
1110000101101110
0011011101101111
1110010100111000
0010011100110111
1101100000101110
0010011011100001
1101110110000000
0001100100110101
1100100111100000
0010010010010010
1100010110011100
1101010100101010
1100000001100101
0001010001011111
1100111010000101
1101111011010000
1100111000110111
0011010011100011
1101000000001110
1111110001101011
0011000100011011
0011101010100011
0001101110011110
0010001010000011
1101011001110110
1111010010111101
1101101011010000
0010010001001100
0001011111111111
0011000100011001
1101000101101100
0011010000000101
1101011100001100
0001001010010110
1101111111010011
0000101101111001
1100111110111101
0010010001001001
1100100011010000
1101111111000110
1100110001100001
0001110101110001
1101000111101001
0001000101010111
1110101011011110
0011110111000110
0001100100011010
0001010110000010
1110111101000000
0011001100001010
1110011110100010
1101011011011110
1101101110000101
1110010010001101
0010001111101100
0011001010001010
1100111101010001
0010010010111111
1111010101101111
0011010111010100
1110100100100111
0011010011011011
1100111000000101
0011000001011110
1111001001000100
1110111111111000
1100001100011101
0001100100100001
1101100111000000
1110100101100010
1110000000101100
0010001110111000
0011000011000100
0100101010101110
0010101100001010
0010111101110011
1110000110010010
0011010001011100
0000110111000001
0001101010010001
1110100111101101
0011000100011101
1101100110110010
0010101101111111
1100110110111110
0011011110110111
1110010001000100
0011001010011100
1110000010110001
0010101000110110
1100111110100111
0010011010011010
1101101000111100
0010001000100101
1101110110000011
0010010110110100
1110010010101111
0001110000100110
1111000011010010
0011011111100110
0011010101010010
0100010001101100
0011100111100000
0011001011001011
0001111101010010
0011000101001110
1111100011110100
1110001111010101
1101101111101000
0010110110010100
1101011001001010
0011011011000101
0001100001011000
0011010011010100
1101111111100110
0000111111100011
1101000100000010
0011001001111000
1100101111101001
0000110000001010
1101111000101010
0010100000110001
1101101110010110
0011010101000100
0001111111101011
0011011101001001
1110011101011010
0100000000110111
0001011001010110
0100010010011111
0011001000011110
0011110101001110
0011010110111110
0011001001011010
1101001000110111
0001010001101100
0001111010110101
0011010100001101
1110001011000100
0010110011011010
1110001011100111
0010110101001101
1111000100101000
0011001010110101
1110101100011101
0010011110111010
1100101110101011
0011001011100101
1110001000000000
0011000111110111
1101010111001000
0011010000111110
0000111010110010
0011000100000110
1101110000000000
0010110001000110
0000011111101010
0010111101111101
0011001000000001
0011111101010001
0001110011111101
0011011100011000
1110001000000001
0001101011100010
0001101001001010
0010111000001110
1111100010000001
0011010110111001
0001101011110111
0011110110111101
1100110000000001
0011001110000010
1110000001000000
0000110000001111
1101001000011111
0010011010110100
1101011101101111
0010100111100001
1111011000000011
0011101011101000
1110010010110011
0010010110001101
1101111110010001
0011101110000011
0001000001100001
0011101001011001
0011001101111000
0100010010011111
0001111001000101
0011010010101000
0000110110001100
0001111111111100
1111001001001000
0010001101110101
1110100000000000
0011001111010010
1101101110000011
0010000111011100
1101111001011011
0000110100001101
1111010111100010
0010001000011011
1100110001100000
0010000110001010
1101110000110010
0010100010111101
1100101010100011
0010000001101001
0001110000101111
0010110010010001
1101011110100001
0011001110101110
0001111111000111
0011111110101110
0010111001100101
0011000011101011
0001101010111111
0010111000001101
1110001101111100
0001100110110100
1101110100111011
0000110010001001
0001100011000001
0001101011101110
1110010011011101
0011010110001100
1101000110110101
0010010100101011
1101001000000111
0001101001010111
1101101101001011
0010111110111100
1101010110101111
0010000100111011
1110011011000000
0010001111001010
1110010000011010
0011000010101011
0010011010110101
0100001101100111
0010011101110100
0010111110010101
0001101110111001
0001110111110111
1101100001101101
0001011010011111
1101110010111110
0010011110100110
1110000000100100
0001110100011110
1110000111010001
0011010111100100
1101000001011101
0010011011011110
1100101111001011
0010010101010101
1111100100110111
0011000011000011
1100101111011100
0010111011100011
1100101000010001
0010000100011001
1101111001000111
0011000000000010
1101111010100111
0011010111111100
1110001111111010
0011101011111100
1110100000001001
0011011100001100
1101110001100110
1110000111010111
1100110010010110
1101010111011100
1111011010110010
0001101101000101
1100111110100001
0001111101100000
1110000000100101
0001110011000010
1111000001111110
0010110100101001
1110000111011100
0000110000010101
1111010111001110
0001101111110001
1101100011101000
0000110001111100
0000010011010010
0010001001001110
1101000010000010
0011011111011101
1101011110111111
0001110000001011
1101100001000001
0010100111110101
1101110111101010
0001100000001111
1111101000110000
1111001110111001
1110101011001001
0001010001010001
1110111110110111
0011010011011001
1110000101101110
0011000011100001
1100111100110110
0010001110111000
1101011110010011
0011000111111110
1100100110010111
0010011110000111
1101100000100101
0001101010010010
1101010110110001
0010100101101110
1101100111111111
0001000000110110
1101000100100010
0010100101000110
1101011101011011
0000110100111011
1100110110111101
0001110011110010
1101000101100101
1111001001011100
1100110111001000
0001101101110000
1110010100101000
0011010001010010
1110010111001011
0010100110111110
1101100110110001
0010011010100011
1100111100001111
0001001101101101
1101010100110100
0000100001000110
1100110000100110
0011001001000100
1100100111001000
0011001011011111
1110000010001001
0010011110001001
1110111011001100
0011001010011000
1110110000111101
0010100110100001
1110101101000001
0001110100010111
1101011101011101
0001101001000110
1101110101000111
0001110001011001
1110000110111001
0010000101000110
1110001101101001
0010111010111011
0001001101001000
1111000001010100
1101111000110100
0011010010100001
1100110001000001
1110100011001101
1100111010010011
0001100101001001
1101111101111100
0011010000100110
1110000011101010
0001110011001010
1101000000101100
0001111010111100
1110100010001000
1111000110010111
1100100110101001
0000110001101001
1100011101000101
0011000000111101
1100110001000101
0001100011110100
1101000010011101
0010110110010000
1110000111111110
0010110111011000
1111000001100010
0010000011111000
1101101001001011
1110001010110111
1110101101100100
0000110101110010
1100111011000101
0001111000100010
1101011001011010
0000011001011101
1100111010100010
0011001001000100
1110000111101010
0001011010110111
1101000001001100
0010110100101100
1101101100001101
0001111011101011
1100011010001001
0001111010110110
1100101011110011
1111110001000000
1011111101001111
1101110110010100
1011110110001010
1101101110111101
1100100010100100
1110111000001111
1100011110110101
1100111110100011
1100100101011100
1110110100001111
1100010110111001
1111001001001010
1101000100110111
0010000011111101
1100100100111111
0010100101011101
1110000110001000
0001110101000111
1101001101110001
0001000110100011
1110111101101110
0011010101010010
1110001111010010
0011000100110101
1101001000001110
0010101001111001
1101101100001111
0001100010010101
1100110010111001
0000100011011001
1100010110101111
1100111100010001
1100111010011010
1101100010111001
1011111110111001
1111100110011011
1100001100101100
1101110000011000
1100100001110111
0010001001001101
1110001001100111
0001001000001110
1101111110101110
0001101010011101
1100101111000001
0001110100000111
1100111000111000
0001101010010100
1101011000011110
0010001101010010
1110000010011010
0010110111100011
1101111010001110
0010101011011110
1101100111110001
0011001101010101
1101101101110110
0010101010010100
1101010011000000
0010100111111001
1101100111010010
0011001100110110
1100110110000101
0010010101110110
1110010000011000
0001111001101101
1110010110100000
0011000100101000
1101100101100011
0011010000001001
1101010111000010
0010100001011110
1110100101110101
0011010010010011
1100111001111111
