0001011110000011
1100111001011101
0010100100110101
1111110000110011
0010100010000110
1100111111011001
0010001000111010
1101010011011110
0011000111100100
1110111110001110
0011001001110111
1110101010110011
0010110010000101
1110010110101111
0001101001001101
1100101101001111
0011001010111001
1100100110101110
0001001011001000
1110011111111010
0011000011001111
1100110110100001
0011001000000010
1110000011000010
0001010001111000
1111010001110011
0011010101111000
1101100011010111
0010111001010000
1110001100110111
0010100000001010
1100110011110111
0000110111111100
1110111010010011
0011001100100101
1101001010011000
0011000101111000
1110001001110100
0001010111011110
1101001011100100
0001111001010010
1110111100001100
0011000001111010
1100101000111011
0001110111000101
1100101000100011
0011010001011101
1110110011001011
0011010111001101
1111001011101011
0001110010101111
1100111101010101
0011001100110000
1110111100011111
0000111110010010
1100100110110001
0001010010101000
1111010001001110
0010011011111010
1100110110101110
0001111000110010
1111001100000110
0010110111011111
1101111010010010
0001001001101110
1101101000010111
0000001101111011
1100110000000001
0011000000011001
1110000011110110
0001101110101111
1101110000110010
0000111111110010
1101111001111110
0000100011101111
1100111101000010
0001100000100000
1110010100101100
0010100101000111
1101111101100011
0001000011011000
1100101010000000
0001000000101001
1100101011100111
0000111111100001
1110100001000101
0011010101001000
1110011001001001
0001100110110010
1101101101101101
0001000000100000
1101011110111010
0010010101110101
1100111111101110
0011010000001010
1101010000001010
0010011011100011
1100101101000000
0010111010111111
0001000101000111
0001101001111010
1110100111101111
0000101000111010
1101000111001111
0001100111101011
1101010010000010
1110011000001011
1100011110011001
0001110100110101
1100111010111010
0001101110101100
1101110011100110
0011000101010001
1110000000111000
0010000100001101
1100110100011000
0010100100111000
1110001111110010
0001001010010101
1100111110111011
0011000100010001
0000111000110111
0010010001110010
0001000100100010
0011011101111100
0001000011001001
0011110111100110
0010011011010100
0010010001100010
1101111100101010
0001101010001001
1110011011011000
0010000101101101
1101000111100111
0010011000111111
1101001011110000
0010001010001011
1110111101110110
0001100000110110
1100101101010000
0011001000111010
1101101100101100
0001111101011000
1101011010010111
0011001111001101
1101010110100101
0011000101011111
1110001011011100
0001001010001001
1101111101110100
0010111010111110
1110011011100001
0011010111101000
0001110111001000
0010000110101010
1110010000011011
0010101110100111
1101100000001011
0010001001111110
1100111011110110
0001100110101111
1100110001110111
1110110101000010
1101000101010011
0010111011011100
1110000100111011
0010001101010101
1101011000110000
0001101001001100
1101001000110111
0010010101001100
0000001000110111
0001101101110111
1101100100111100
0011011101000011
1100111011000000
0010001001100100
0001000101001000
0011001001101011
0000100110011001
0011011110000000
0001111100001011
0010111101001001
1110011110011111
0010011011100011
1111001011111010
0010111010011101
1110010111000100
0000111110111010
1110001000110011
1111001001110101
1100011000001010
1101110101101001
1100111000101101
0011000110011001
1110101001110000
0010111011010010
1110010000000100
0011000000001101
1100110110011000
0011100011100111
0001100001001111
0011011011110001
1110111100111110
0011010111001101
1111001110110001
0010101110110100
0010001000110100
0100000110011001
0010110111101111
0011110111110111
1110000011000100
0001111010001001
1101110000110011
0010001010100101
1110100001011111
0010011111000111
1110011000101111
0010100011001000
1100001101110110
1111011001100110
1101101110011001
0001101110101110
1100100111100010
0010100100110101
1111001001110010
0001010011010010
1110101000110111
0010101100110000
1101010101011100
0001110111111101
1110011001111101
0001101000111010
0001101010010011
0010111111101001
1110000000000100
0011010110001011
0001101100110000
0011100000110001
1110110001101111
0011000001100010
1110001011110110
0011000010100011
0000101011000001
0010111100011010
0000101100111111
0010010100000011
1011110111001001
1110011011000111
1100100011111101
0010101101011011
1101100111101001
0011000000101110
1100101101110100
0010011000101111
1110010011111010
0001101101000000
1101101111101110
0010011011001001
1101000010110101
0010001011101111
1101101100111011
0001001010010011
1100111000001100
1110100101100111
1110100011111000
0010100001101001
0001001000101011
0010101100001011
1101101001110001
0011000010001101
0010000001110100
0001011001001001
1110001001110111
0001001010100100
1100010000011101
0001001100010110
1101110100101010
0010110101010010
1101010000001011
0011001010000110
1110000110011101
0001010011100010
1101100101111110
0010001001000001
1100111111000000
0001101111001011
1100110101100011
1101110101111110
1100100111001111
1101001111101110
1011101110001101
1100000001101001
1100010101010110
0001000011111101
1110101011001101
0011000011010000
1111000110100010
0010000110011000
1110100111101111
0010001011001000
1101111010011000
0001111000100010
1100100010110000
1110010111011000
1111001110010101
0001011000001100
1110100100011110
0001100100001001
1100110010001010
0011000100110111
1111001110000001
0001000001000011
1011111101101111
1101010101100110
1011110010010101
1100110010010011
1100001001100010
1101000100100010
1011101001111011
1100001110111110
1100001010011001
0001000100001010
1110000011001010
0010101101101110
1110010000110111
0011010100100011
1110001011000110
0010001111010101
1101000110111011
1110010010110110
1100101011110101
0010011011101101
1111100010101101
0010101010111000
1110101011011000
0001000111111011
1100111001110011
0001110101000001
1110000100011011
0010000110110011
1100011101000001
1100000111111010
1011001110001010
1101000001010001
1011110111011100
1100001011100000
1011111111110110
1100010101000011
1100000100111010
0010011101011010
1110010110001101
0000100000010011
1110000011001000
1110001110110010
1100111110000111
1110110100111001
1100001100001110
1110000001110010
1100011001011010
1110100101101111
0000111001100111
0010010000010110
1110010111110001
0001010111010111
0000000101001010
0010000000110011
1110001000000011
0010010011011111
1011110010010100
1100011011100100
1011110110111111
1101111010001010
1100110000010000
1101110000101010
1100001111101010
0001000111010000
1110001111011110
0011010111010010
0001110010011000
0010010010110100
1101000001001000
0001101011101111
1101000000000010
1101101111100101
1100110001101110
1110000010011011
1100000000011010
1110001100101100
1110010110000111
0011010000000110
1101011010111110
0001110101110010
1110011011110001
0011001000101011
1101101011100000
0000110001000001
1100101011001101
1110010100111100
1100000010110101
0010001011111111
1110000101110001
0001010111001110
1110001010001000
0010001100010101
0000010110000010
0011001000111110
0010001000000001
1110111110011000
1101111111111101
0001111000010010
1101011101110100
0010100111100100
1100111111101110
1110110010111011
1011111100011010
0010101100110110
1111000110010010
0010101010111000
1110011011000110
0010001101001101
1110001101010000
0011001000000000
1101001110011111
0010011101110110
1100111011110111
1111101110111010
1101011100101011
0010001101111100
1101001101001011
0010011001011111
1101001110110110
0001100011101010
0010000111010010
0011001111000101
1110100110101001
0001101001011111
1101101111101011
0010010100110111
1110100100101000
1111011010100001
1100110010000101
0010100001111010
1101110110111000
0001010010011110
1110001001101000
0001110100110010
1110011010101111
0010111001010111
1101011100101100
0010010101110101
0000110110010010
0011100010001101
0001000010010100
0011001000001101
1101101001111111
0010101000001101
1111001101110010
1110100110000010
1100011100001111
0010110010101010
0001111101110110
0011010101110010
0001100010110101
0010110001001101
1110011001110011
0010010101010101
1101100010111111
0010011011110011
1110101111100000
0010111000100110
1100111110100110
0011000011000110
1110010110110000
0011100011101011
1111001110110111
0000110100101001
1100101100100101
0001111100111111
1101101111011001
0011011100010011
1101110000100110
0011000011000010
1101110100000111
1110001111001010
1100110011100110
1110100111001001
1100001111010001
0001100011101001
0000011111011010
0011110000010010
1111100011011010
0001101011111111
1100111101101001
0010101101110000
0001101111000001
1111011111000111
1101011111010100
0011000110111010
1101111101010000
0010101101011000
0000001110010101
0010100100111100
1110110111011000
0000111110011100
1110100111001010
0001101111001110
0001101101010000
0011000110010010
1111000010100000
0011010111011011
1101101011000001
0001110111001000
1100111001110100
1111100111100100
1100101101100000
1111011001110001
0001000100100101
0011001011010001
0001110011110100
0001111110101100
1100101100111001
0011000001000101
1101110110010010
0011000110101011
1101110100111111
0011011010010100
1101101000100000
0011111111001111
1110000011111010
0010100110001100
1110100001010011
0001110011010001
1100111111011101
0010001001100101
0001000111001100
0100001010101100
1111101010110111
0011010000010100
1101111111011111
0010010101000000
1110010110101011
0001001000000010
1100111010111110
0001110111110110
0010100100101000
0010010011111001
1110111110001111
0001111101001100
1110011110101101
0011000010101011
1110101110110101
0010100100011100
1110011011000110
0010000010000101
0010000010011011
0011111011111101
0000110110100001
0011100000111111
1100111111000110
0000110011011010
1101111011110000
0011011001111010
0001010011101110
0011001001101001
0010001011010000
0011101001011100
1110001101111011
0011000011000111
0010000011110101
0011001101000100
1110010001101100
0001101111010111
1110010001000010
0011001001100100
1101010010110010
0001000011000001
1101000100100010
0001111100110110
0000010000000110
0010111000011111
1101110000110000
0011101001100001
1110100001101111
0011000000101010
0001001011011111
0011011101100110
1110110110010000
0010000111001000
1100101011011101
0011001111101011
1111001101010101
0011101000100010
0001001100000110
0100000000101010
0001110000010100
0011000000100011
1111110100100101
0001101100001000
1101000011101011
1110011101100000
1100100100101010
1110010100111011
1100111100011001
0010010001010110
1110010100010011
0000110101110011
1101001110000100
0010100010111011
0001010000100101
0010110011111111
1110001010101011
0010101011011011
1100110111010110
0011000011000000
1101110111111111
0001000001110011
1101001001010010
0010100101000011
1110010111101000
0011101011101110
0010001011011110
0100001000111011
1110010100010011
0010101001100100
1110011101001101
0000111110011000
1100011011101011
1101100011011001
1100000110100111
1111000111101001
1100010100001110
1110011000011110
1110011011110100
0001101101011111
1100111010000011
0010110100000010
1111000000111010
0011010110001110
0001101000101101
0011001110101010
1100110111011001
0011010101011010
1100110011000000
0011001110010010
1101010011011100
0001110100011100
1100110111110110
0011000000101001
1110110100111000
0011101100010110
1110010100110000
0010010111001110
1110011100100010
0010100110000001
1100101111011110
1101010011101001
1100100011100010
0000011100001101
1100110111111000
0010000000111111
1100111010111111
0010000100011000
1100111010111011
0010101100100100
1101000010110100
0011000010000100
1110001001000010
0000111011010010
1110001000000000
0010010100001010
1101000001100100
0001111100010100
1101111110000011
0010100101101010
1110011100101001
0011100010000000
1101100000100010
0010011110110011
0001001011000000
0011000000111101
1101001100111000
0000100010111011
1100110000000111
1110110100000001
1100111000001100
0001010010000100
1110011111111100
1110010111111101
1100011110000011
0010001001011001
1100100000000110
0001101110101010
1100100011111011
0010101011110100
1110011100110100
0010011110001100
1101111000000110
0010011011111100
1101011111011111
0011001101110001
1100101011110000
0001101011111100
1110011010010000
0001111001000111
1100111010110011
0010001110100001
1110001011101111
0010101001011001
1101001110111010
0010110001000010
1110111010011111
0010001111011001
1101110000100001
0000111010101011
1110000110110010
0010001010100100
1110010000001000
0001110011101100
1100111100100000
1111000101101010
1100011001110000
0010000010000010
1101011011100010
0011001011111101
1110011000110111
0010101100110111
1101111011000101
0010110111110101
1111000001111110
0011010010101110
1101011111110011
0000100101011010
1110100100010010
0011000000111110
1101111110100011
0011010000011011
1110010101110011
0010100100111010
1101001000101111
0010111110010100
1110011001000110
0011000100010011
1100011111100101
0010111101001110
1100110000010001
0001101001000101
1110000010101010
0011010111010111
1101000001100100
0011010100111010
1111010100110111
0010111000110010
1101110000000110
0010011010011111
1101011111100001
0010111010001100
1110111101111111
0011010010101101
1110000001001100
0001100000001001
1100110100001111
0011001111011111
1110011011101011
0000011001000100
1101001111011010
0010011111110101
1100100111010001
0011000110001110
1110101001111101
0010101011100011
1101100000010000
0001110011101101
1101101110100101
0010011011100111
1111000111100110
0001110111011000
1100111100010001
0010001001110110
1110001100001011
0010001111111110
1101111111101101
0001111010100100
1110110100111011
