0011001010000001
1101100000011110
0010100111011110
1100101001000001
0001010010110101
1110111000010000
0000011111000011
1101001100011000
0011010101001001
1110011000100010
0011001010011100
1110010110101100
0010110001001001
1110111010110000
0000011011101001
1110001001000111
0010110110000100
1100101011101011
0010000100011100
1110110001101111
0000101000101010
1111001101010100
0011000101110111
1110111101011000
0000111000100111
1110000010110111
0011001010110100
1101111100010101
0001011111111000
1101101010111000
0010010010100011
1111110001101111
0000010011100110
1111010100110001
0011010111011000
1110101010110110
0001010101111101
1100100110111100
0011001001100101
1111000101110000
0001101101011010
1101010010110101
0010000000101011
1100110110010010
0011000010111000
1110000100100110
0001011001111010
1101111011100110
0001110100011111
1101100000000100
0010011101000011
1110000110100000
0010101001011001
1110001010101101
0010001010111010
1101001010010011
0010110010011100
1110010010101010
0000101000101100
1100110110110101
0011000001010000
1101101000101111
0011001010011111
1101000000000110
0010100011010001
1100111110000010
0011010110110000
1101100001001001
0011011001110010
1101110110111110
0011011110101101
0001101000001000
0010011000000100
0000100010010110
0011011000101111
0000110001110100
0010011101000001
0000000110011000
0010001011110111
1100111011110011
0010011110101110
1100101011010101
0000110111010111
1110101111110011
0001101011001011
1101101001011011
0011000110111001
1100110000110001
0011000001101011
1100111000000001
0010111111010110
1101110000011111
0001111000110010
1101100101110111
0001111010111011
1101010001011101
0010101111101100
0001101010011000
0011010000010011
0001100110001011
0011011011100010
1111010110010100
0001101110111000
1111000001100110
0010000101100110
1100100010101100
1111101010011100
1100101011100001
0011010110101111
1101011111010001
0010101111010000
1101100001010011
0010010110001011
1101000011101101
0010110110101011
1100111110101011
0001010110010101
1101101001001010
0010101111010000
1100101001101011
0001100011000111
1110001101110110
0010010001001010
1101110101110001
0011011000010100
1110111101110001
0011100011110000
0010001111110011
0011101100000010
1101011110110011
0001111000010100
1101110011001011
0001100101110000
1110000110110000
0010001111110111
1100110001001111
0001100111111101
1101010010111110
0010110000000110
1110001001011000
0001010111101010
1110010011011101
0011001010101111
1101001100010001
0011010010000010
1101100100010000
0001101011000101
1110001111110101
0011001010111100
1100110101111000
0010000101101001
0001010011001001
0010010010000001
0001001000101000
0011110111000101
0010110010100011
0100001000000000
0001010100101111
0010010111011011
1110000101001001
0010000101000000
1110000101111110
1111010011010011
1100110100101011
0010100000101010
1101101110011110
0010000110111110
1110110111111000
0001100101000010
1100101100000110
0010001100001110
1101111111000001
0001100011000000
1110011001001100
0011011110101111
0000001001010001
0011010010001111
1110111011100100
0011001000010001
1110011111111101
0010010001111111
1101100100011100
0010011001100101
1101011001100101
0010101100101111
1101100110100101
0001101110000011
1110000111011110
0001111101011110
1110011010100011
0010000110111000
1101101000001010
0001101000111011
1111011100001001
0011100000011010
1111000111010011
0011011001100111
1110010111100111
0001100011001110
1110011101100011
0001111001111111
1110010100010001
0011011010010000
0001001101111011
0011101111010001
1111001001111001
0011001110001101
1110000001010100
0010011110110110
1100110110000010
0001001000000110
1101111110000101
0000101110001001
1110000101011110
0010100101010010
1110101001001101
0011101000101101
0001001001110100
0010110000001111
0001101111101110
0010100101011001
1101111111011100
0010100000010101
1101011110101001
0001001111010010
1110010011001111
0011000011101000
1111100101001100
0011001101100000
1110100000111011
0011010100010011
0000100100010111
0011100111100011
1110110100111000
0011000111000100
0010001001111111
0010001001111011
1101110010100011
0011011110011001
0001111101111010
0010011101101000
0000111011111111
0011001100000100
1110110101010001
0010111100100100
1110111001011101
0010011100111011
0001111011101110
0011111011111100
0001011110110011
0010111011001110
1110100101101010
0001001011111011
1100110101001011
0011010011110110
1111001010011010
0010101100110101
0000111100001101
0011001111111101
1110110010101001
0010001100101000
0001010111010111
0011011001010100
1110001101101000
0011000101101001
0001110011101101
0011010000001011
0010101011011000
0011101110011110
0001000001010110
0010100001100011
0000010100110100
0010000001011110
0001010011001110
0011010001001010
1110111001000110
0011110100001111
1110101101011001
0010010001111101
1101110000010010
0011010101100100
1100111110111111
0011001001101110
0001010000001001
0011011001111101
0000111100010011
0011001001011000
1101000010111010
0011011011110101
0001110100111001
0011010111101011
1110001111110100
0011000001000010
0001101100110111
0011001001111011
0010000000000101
0001101011110100
1111000110100010
0001001110000110
1101111100100001
0001101000101100
1101100101110101
0011010101110100
0000001010010011
0100000010000110
0001111010010001
0010100101000011
1101111110001110
0010110000001101
1101011111110111
0011011011001000
1110001010110010
0011000101101011
1110011100101011
0010010100001111
1110010010001010
0001101010000101
1101001111011000
0011000001011001
1100100011010001
0010000000011000
0001110000101110
0010101001100100
1101110110101000
1110011011000110
1100111110011000
1101100111110000
1100110111000000
0000110010010111
1101011100100000
0001001010010110
1101001110011101
0011110111001100
1110001010001100
0010110001010001
1101001001000111
0011000101000111
1100111111000100
0001010010111001
1110100010101100
0010000110100100
1100110011011011
0001011000111100
1100100000111001
1111000100000011
1101010000010111
0001010111000110
1101100011011110
0000101100101001
1100100010100110
1101101101011000
1100101011110111
1100111011000011
1100000110001111
1101100001001000
1100001111000110
1101111111011111
1101100011010111
0011001101111101
1101101111111011
0011001001001001
1101011001001011
0010110111111100
1110010101010011
0010011101011011
1111100101011110
0011011101011001
1110100110010010
0010100010010101
1100001001000000
1110100010011111
1100101111110010
0001000011110000
1100101001100111
1101000000110001
1100111110110011
1100101000011000
1100000001000111
1110001001011011
1100001011010000
1101110011100111
1100100011010010
1110001110001001
1101011110001101
1101100101111010
1100001011011001
0010111001111000
0000111000100110
0011100110110101
1101100101110110
0011010011111110
1110111001101111
0010010101010101
1101100111000101
0010001111011100
1100101010100101
0001100100001011
1100110001110101
1101001101100111
1100001110010101
1101101110101101
1100100100110110
1111000010111100
1100111000010001
1101111010000011
1100010011001101
1110011011001010
1100101100000011
1110001101110100
1100100100111011
1100110000110011
1100111100001111
1110110111011100
1100010001001011
0001110100010111
1110000011001110
0010000100001100
1110000110000110
0011000100011010
1110101110101001
0000011010001011
1101001000010000
0001110100100100
1101100111010110
1110010101001110
1011111111001101
1100111111110101
1011110001111000
1110010011101000
1100101001010111
1110001000100111
1100111101111111
0000111111001100
1100110101100010
0001100001010110
1101111111000001
1101001100000110
1100000111111101
1110011111000111
1100101010010000
1110001100011000
1101100101101111
0011001000110111
1101110110010110
0011001110001001
1110011111011010
0001010000111011
1110001110100100
0010101000000100
1100101111110011
0010010001001011
1101011010000000
0001101110011110
1100001101000011
1100111101011000
1100000100000010
1101011001110101
1100111111110110
0010100111001010
1100111000101001
0001110010100110
1101101001001010
1110110010110001
1100101001010111
1100110001110010
1100110101101110
1101000011110001
1100111010001011
1111001101000001
1101110010110111
0011001100001101
1101101101000101
0010000101001000
1101010110100001
0001001100001000
1110000001010011
0011001000111010
1110010010011100
0010101111111010
1101111010011011
0000111100011001
1101110011011001
0010011001011100
1100010101000110
0001110101111111
1110000110011101
0001101011101100
1100101100111100
0010111101111001
1100011111111110
1100111100011111
1011100111101011
1110000000100110
1101000101011001
1101100100001000
1101101100111101
0001100001000011
1110001000110000
0011000010110001
1101001100010001
0011000000011100
1110001100111110
0010000000101110
1110010111111110
0011001011101011
1101101010110000
0010101001100111
1101010110100110
0011001111010100
1111001000100000
0001100100111010
1100111011111001
0001100111000110
0000011101010000
0010000111110101
1100110100000011
0001100001101001
1101010111110101
0000011000011111
1011111111110011
0001110110000010
0000011100110100
0010010101000100
0000100000110101
0011010001110111
1101111111101011
0011010101110101
1100111010001011
0001110110101110
1110110010010111
0011000101010101
1111001001100011
0001111111101011
1110110011010100
0001110110101010
1110110100101100
0011010010000110
1101110101001001
0011111111001011
0001111110110110
0011000000010011
1110011100110100
0010100111001000
0010001000010100
0011011001110101
1101100000011110
1110000101010001
1110010110010000
0010001001110010
1110010010100110
0011010011011010
1111010000110101
0011000010110001
1111101110100010
0010011000010111
1101110000100111
0010010100001001
1101001000110001
0010110101110110
1100111111110111
0011000011011001
1101110111101111
0011000110101110
1111101100000100
0011001101001001
0010001111110101
0011100000010111
0011100010110110
0100011010011101
0011010100001111
0100001010101101
0010110000000001
0011100111010000
0001110101110001
0010000100111110
0010001011000000
0001010010111111
0001010001111101
0010111000111010
0010101101111100
0011100111101110
1110101010011101
0010111001100110
1111001101101010
0010011111111000
1110011110010010
0000110101010101
1100101011010011
0011001010101101
1101000110011011
0010110111010101
1101100010001011
0010001011011010
0001000010101010
0100000001001101
0010100110010101
0011111101101001
0011100001100101
0100010100000101
0011110001111001
0100001111110101
0011101100001111
0011011110001010
0010010101110111
0011011101011111
0001100011111101
0011001011000101
0010010011000011
0100000111100100
0001011011011001
0011100000011101
0000111111110010
0001101100101000
1100101111101000
0010011001010100
1100110101011010
0000110001111010
1101100011001000
0011000101101000
1100110011111011
0010000001010001
1110100011101101
0011001111101001
0001110010001010
0011110001011010
0001110110111100
0011101001000100
0010111111001010
0011011100101000
0001101110001010
0011101001100101
0001101111100011
0011100010010110
0001101011101000
0011010110111001
1110000110011110
0011011110010010
1101000010001110
0001110011000000
1101101001001000
0001001111110110
1100110101110111
0010111000000110
1101011110011110
0010110111000101
1110110001100111
0010000011100011
1101000101001110
0011000100000001
1110011111001101
0011011000110100
1101011110011110
0010100111001001
0001101110100100
0010001000111000
0001111100010111
0011010111000010
0011010000100010
0100000110110010
0010110110101001
0011010011101011
0001101101010111
0011100110111000
1110110001111011
0011001101111110
1110110110010000
0001011100010001
1101101110100010
0001001101010111
1110010001101011
0011011001011101
1101111010100111
0000110011001000
1101001011110100
0011010011011110
1100111111111001
0010110111101111
1101110110100111
0001111000101100
1101010111100111
0001000001111101
1111001101101000
0001110011100011
0001001010011111
0011000110000000
0010000010101101
0011100000001111
0010101000010010
0011001010100111
0000110010001111
0010110011001010
1111011010001110
1111001011000001
1101011101100000
0010001101100101
1100110100101011
0011000001011000
1101000010110100
0001110100100001
1100101111000000
0011010100010110
1110001001111000
0001110100001011
1100100111000111
0011010001100111
1110000100111000
0010011010100000
1100111000111011
0001010000011101
1111110001011111
0001111111001010
1101011100011101
0011000011100001
0001101110011000
0010011100100000
0000111001101001
0011010100000010
1101101111001110
0001111010001100
1101101011011011
0011000101001100
1101100110110111
0001100010011000
1100100010111000
0011000010110011
1100111010101011
0011001000101001
1101100010010111
0010010010101110
1110110110111100
0010001100011101
1101110111110000
0010001001101011
1100111000100110
0001110111001010
1101111111001101
0011001110010100
1111001000001011
0001110010010111
1111000001101011
0010111010001011
0001001001101011
0010101111000110
1111000001111011
0011011011100111
1111100001111111
0011001000001100
1101110111111011
0000110110111000
1101111010011001
0010111011011100
1111001000011010
0010110001011000
1100101001001011
0000101110000001
1101110111010000
0011000010100100
1100110011100110
0011010011001101
1110011011010111
0011010110101011
1110000000011000
0010101101011010
1101111100001010
0000111111110001
0000011111011101
0011001000011010
0001000000000010
0001101000101100
1100111111010001
0010101001101010
1110010001111101
0001101110010111
1100111001110000
0011010001011110
1101000101110111
0010011110011001
1101100101101000
0001101110001000
1101011100110000
0011001000111001
1100101001111011
0010101110101000
1101110000000011
